40
-31
57
5
1
-52
-116
-53
-15
29
-56
-1
28
38
-28
-58
50
13
34
71
-46
-97
-52
-25
-115
-8
-9
-45
-96
-78
34
-53
-30
18
-50
-27
2
-23
48
-85
-73
20
-18
-23
-53
61
-17
4
58
30
-67
39
-50
-57
-4
3
-69
-34
-62
-127
28
49
-15
-78
73
18
-87
-77
59
11
-57
94
-91
-42
-46
9
27
10
-7
7
-78
27
16
29
-25
28
-72
-16
14
-4
-21
-34
-4
28
31
15
35
-10
40
27
-68
73
-44
39
4
63
55
-42
105
30
-29
-78
-17
-85
-32
28
63
67
-83
55
-69
47
4
-24
1
52
97
-85
-65
49
44
-3
-50
-45
-27
1
-33
18
-58
2
-10
28
16
-14
-19
-12
-21
5
-25
-4
-35
-5
-39
-11
52
-12
-26
-7
-30
-49
-40
-21
-19
6
1
10
40
-50
-13
23
40
12
-46
24
-14
35
-26
-21
14
-19
-41
22
-2
0
-36
32
-28
-33
-8
-28
-7
-33
27
-21
-16
2
3
-13
20
4
-127
-28
21
-9
54
-42
16
0
-24
-14
53
-8
-37
21
-18
18
-25
-20
4
34
0
-18
-66
-77
-3
-2
30
3
-77
35
22
20
-44
22
50
-61
70
27
12
-14
18
-59
32
-14
21
-19
38
55
28
8
-6
11
35
45
48
-3
55
14
38
45
-57
40
-4
-98
-38
8
-84
-40
62
61
-17
86
-44
56
-40
43
-28
49
-29
24
-21
-57
81
-58
37
-98
-112
19
-53
43
36
-69
-22
26
-48
1
60
-126
66
-65
-94
54
20
-97
-14
-39
48
-71
-14
5
-36
-54
8
18
-11
50
-96
44
-11
-37
15
-10
-58
-54
93
-90
-73
40
-80
57
18
127
-23
9
62
7
-92
-53
53
43
95
-117
-7
-2
67
38
34
49
-97
-89
-22
0
-104
84
115
-15
-72
-23
-91
-84
-66
-97
5
-9
33
12
-86
9
-80
-72
95
-46
-28
107
82
10
7
84
54
-119
0
33
-12
-47
28
25
54
-8
5
-83
-28
-30
-31
30
-16
-82
53
-55
-27
7
66
-58
-35
-50
-51
-3
-73
-103
0
-53
16
17
13
-127
-52
-98
-65
-30
69
-20
-38
50
33
-62
-16
-20
42
-58
6
-44
-110
60
33
59
27
-40
-99
13
-99
22
-11
17
-21
-15
-44
21
-30
-44
18
-61
-10
43
16
17
-17
96
-77
-93
45
-8
76
14
-51
-1
4
61
-43
5
-8
41
19
26
-54
29
35
-5
-1
-5
-84
-38
3
-31
62
-40
-50
50
43
-19
14
22
56
17
37
86
13
-59
27
-82
22
38
-19
27
11
86
28
-20
52
25
60
95
87
-25
-55
-29
4
32
28
-37
-4
-89
-85
17
23
-37
52
45
-12
-55
-15
-8
40
35
-48
12
-19
-16
-73
-4
5
-7
-28
-31
25
20
41
-26
-93
-27
-28
-49
44
6
-58
29
33
6
-67
45
15
-36
36
37
-12
-25
23
-76
34
-43
-54
22
3
-12
25
48
-27
-23
68
-29
-58
0
50
-16
-127
23
-74
49
-4
26
-64
-4
-7
-67
-42
30
8
20
-21
-9
18
29
23
-11
-13
11
-38
-63
-29
-9
0
57
-4
-52
-75
67
-39
26
5
-13
56
-29
92
12
-55
-37
-81
-59
-13
50
41
-2
-11
-12
-38
13
39
-70
7
11
82
-53
-64
47
55
48
-72
-102
-20
-65
-38
-61
39
-53
20
-17
17
-127
-29
1
-15
17
-50
-19
-88
-17
-57
19
71
-2
11
-21
0
19
33
-42
-25
41
-15
44
21
18
-44
-22
-15
43
2
-24
17
23
24
52
27
18
21
-56
26
-63
-16
-32
-89
-57
-20
47
-81
-33
63
25
-68
-20
24
-2
-67
46
-74
-4
-58
58
45
-27
-36
-12
-76
-8
13
12
-79
-76
-27
41
41
45
51
14
-1
-49
-51
-107
16
-11
70
-41
-36
53
-27
20
17
32
-12
-59
69
-19
39
22
-66
-10
-31
40
40
51
6
-25
-22
51
-20
-56
8
28
15
-7
16
21
40
31
-13
-78
-36
-31
-17
-69
36
21
51
31
13
-28
20
-1
-4
51
13
14
-61
-45
27
-11
49
-23
-6
-44
-3
9
29
3
27
-7
-79
22
-48
18
-3
-43
-29
25
-20
-22
-13
-17
-20
-31
-30
-14
-28
-18
-48
2
-16
-40
12
16
-7
-20
-127
-38
-9
-2
2
47
43
-31
-45
16
7
39
-28
41
50
-17
-11
-8
-28
27
44
25
49
20
23
-23
1
30
50
-1
-50
-18
-9
10
49
45
32
19
-63
-15
13
-46
-61
-11
-41
-3
2
-12
46
-36
-91
-46
55
-21
-35
9
-17
5
1
32
21
-8
-15
63
50
-102
24
-5
-21
23
-58
-64
-15
-81
10
-79
40
0
36
-18
1
-13
25
23
37
64
31
42
-32
11
32
-99
91
4
-42
-32
10
7
3
-1
36
3
-63
51
-81
0
25
-43
-4
-18
34
35
-51
-70
10
-14
-41
-54
-3
18
-27
-10
-47
17
-6
44
-21
27
-33
-22
-15
-43
-22
45
24
-123
-49
42
4
47
-40
45
44
-5
3
-5
-16
38
53
20
57
-60
-27
-47
26
-44
42
5
-14
-49
-41
48
-80
41
43
-85
-47
-49
-28
8
-28
49
-52
-5
38
17
-50
1
-127
-35
73
-31
-8
86
52
-9
-25
73
-4
-53
25
32
46
-103
25
-19
-14
43
-100
-29
-59
-101
11
-16
-13
20
-3
-52
-22
-22
72
48
42
-19
40
51
-12
-56
8
10
25
-18
-15
-9
21
-38
-24
-20
-104
-15
-39
4
-36
-65
67
-68
24
-68
-2
48
-64
-60
50
-72
18
40
-46
-10
-25
16
-17
25
-37
13
-127
-3
23
-87
-29
0
-22
17
66
-49
-98
25
-72
18
20
52
-41
11
27
-110
-31
-20
23
-2
14
-23
40
-9
-2
-12
-29
-25
21
21
-46
-25
-20
60
99
-78
-76
7
10
-24
-80
9
-38
-50
13
-42
52
58
11
-80
49
52
-54
69
81
1
-23
-6
67
-4
-8
32
73
-10
-20
65
26
-7
-77
-36
-29
29
-29
26
-54
-33
31
-3
-9
-1
29
49
-14
-29
-52
26
-66
-25
-6
-37
79
6
-58
6
-43
-81
36
16
27
-12
-4
54
17
-40
39
-16
4
6
1
2
-15
50
6
-15
27
51
-37
-15
-17
-30
18
-3
-32
10
9
-19
-51
-85
1
-82
-69
37
10
-36
-40
-13
-55
-53
28
-63
57
-29
-17
8
7
41
101
-33
-78
35
-30
41
16
44
11
26
-27
-19
-83
-28
9
-52
45
2
-56
41
30
30
-64
3
27
-74
91
127
8
3
38
-70
4
39
24
-11
69
72
44
64
-35
28
-24
86
3
-23
-17
-50
-6
-7
4
-17
14
3
2
-39
-1
-13
3
-16
1
15
10
13
-38
10
-17
-15
0
-7
0
-19
-52
-10
16
-40
-2
-47
-5
-8
-22
-13
-12
7
-20
7
-2
3
-12
5
-12
-15
3
-15
1
-28
-37
16
-4
18
1
-6
-53
-30
-30
-23
-26
9
-45
-15
15
-13
-1
-12
12
12
-5
-1
-22
-18
-10
20
-10
0
-46
-32
-45
2
2
-18
0
-14
-20
-1
-12
17
-8
13
-3
-17
-1
-61
-41
4
-11
-21
6
-18
-2
-22
-43
11
-127
17
-11
-9
3
-13
-54
-9
-21
-19
-20
-6
-37
13
-11
-18
14
-17
-19
-8
-14
-6
-23
54
94
77
-41
-96
-75
-57
-71
20
64
-8
100
31
61
-63
95
56
8
78
-12
42
-106
3
39
-54
57
21
-15
-83
24
28
49
68
25
6
9
86
58
-23
65
-9
-15
65
-40
20
8
27
65
-8
-6
24
-33
32
-67
14
-55
-43
-61
-10
-66
93
-85
-91
74
26
-65
71
103
-1
-118
98
-66
19
-36
103
89
18
-61
-37
-47
48
35
97
52
-37
14
59
66
69
73
-18
7
33
-86
-21
-49
71
104
-43
-105
92
-20
3
-31
84
18
-19
127
-20
59
21
-22
-39
99
41
62
33
35
85
56
67
63
17
60
120
115
-38
