-106852
-109657
-148417
-230272
-204517
-246592
-276682
-285352
-349357
-375622
-444727
-451102
-379702
-388372
-389647
-340942
-339922
-353947
-363382
-291727
-315187
-387862
-368992
-274897
-254242
-369502
-450592
-479407
-546217
-664537
-62482
-83392
-133117
-195082
-182842
-239962
-272857
-257557
-333802
-356497
-409027
-427897
-355987
-372817
-402652
-340687
-362362
-360832
-315187
-201457
-264187
-370267
-331252
-230017
-218797
-343747
-425857
-469462
-502357
-585487
-44122
-49477
-105832
-155557
-162952
-240982
-280252
-241492
-283312
-330997
-370267
-381487
-306262
-323092
-368227
-313657
-344002
-351652
-252967
-109912
-183097
-315697
-271582
-184372
-202732
-302692
-373072
-454417
-497257
-532447
-30352
-30862
-78802
-143827
-144847
-231547
-278467
-235882
-274132
-280762
-317992
-321052
-255007
-261127
-313912
-261637
-286627
-323347
-181312
9938
-84157
-221857
-180292
-133117
-183607
-271837
-316462
-441667
-469462
-487312
-46417
-27802
-84922
-123682
-104557
-184372
-242257
-221857
-244042
-246082
-274132
-289177
-233332
-234352
-249907
-221857
-208852
-254242
-122662
66548
-18877
-182587
-146377
-119347
-169582
-261892
-321817
-443962
-478642
-508732
-59932
-17347
-70387
-100477
-79057
-162952
-217267
-196102
-216247
-186412
-222622
-242002
-185647
-167797
-190492
-182842
-199927
-238942
-93847
93068
-3832
-151732
-154282
-115267
-148672
-257812
-314422
-437587
-485017
-539842
-54577
-45907
-78802
-66817
-45907
-134137
-202732
-190492
-186922
-152752
-165247
-158872
-107617
-118837
-133372
-151732
-202477
-225172
-90532
92303
18353
-107362
-141022
-87472
-99967
-246847
-309067
-422287
-474052
-552082
-45142
-74212
-85942
-32137
-3067
-90022
-169327
-173917
-180547
-164482
-161422
-145867
-103282
-90787
-84922
-85177
-175192
-199927
-88237
95108
28043
-80842
-128527
-84922
-70897
-224152
-289432
-398572
-458242
-547237
-44887
-107617
-78037
-3067
2798
-67582
-116542
-144337
-156832
-142552
-141277
-116797
-75232
-61207
-30097
-14797
-156832
-197887
-105577
86183
33908
-89767
-135412
-84667
-56872
-193552
-260362
-364147
-421777
-497512
-97672
-179272
-107872
12998
-7657
-51262
-79822
-84922
-127762
-117562
-107617
-109147
-80332
-54577
-28567
8663
-120877
-200692
-135157
70883
48443
-89002
-141277
-103792
-77017
-185647
-235117
-337882
-397297
-448552
-158872
-261892
-142552
-15307
-42337
-10972
-40042
-53047
-81862
-91552
-104047
-103537
-83902
-56107
-35197
758
-98437
-195592
-162697
33143
20393
-93337
-172387
-178252
-145357
-200692
-226447
-304477
-392197
-340177
-238177
-337372
-191512
-91297
-105832
-19132
-31117
-44377
-70642
-83902
-82627
-85942
-78547
-50497
-34432
1013
-47437
-160657
-171877
-3067
-31117
-160147
-246337
-258577
-224917
-224407
-231292
-287137
-380212
-288922
-295042
-377917
-225427
-150967
-162697
-50497
-40042
-32902
-53812
-57127
-41062
-47692
-47692
-30097
-14797
14273
1268
-119347
-163462
-57127
-126487
-243277
-343237
-390157
-333802
-340687
-301927
-342982
-414382
-285607
-340177
-399592
-231037
-189727
-176212
-91042
-39277
-30352
-33157
-16072
-5872
-21427
-8422
7388
16058
34673
22943
-95632
-170602
-151732
-211147
-309322
-398572
-483997
-447532
-450592
-358792
-414637
-475072
-303712
-372817
-411832
-273112
-228997
-173917
-140257
-66817
-43867
-60442
-32902
1268
10448
27533
36203
36968
40028
-3577
-111442
-201457
-248887
-292747
-338392
-432232
-546217
-536527
-511282
-404182
-417697
-495982
-364912
-385312
-422797
-321817
-260617
-187942
-175957
-101242
-61717
-98182
-69877
-10207
11723
28043
32633
24983
-7147
-71152
-157087
-243022
-315187
-333037
-362617
-438862
-578857
-605377
-574777
-446767
-393982
-481957
-386587
-405712
-422032
-378172
-290707
-195592
-221092
-119602
-92827
-130567
-125977
-68092
-49732
-34942
-7
-11737
-61972
-109912
-213952
-288667
-350122
-389137
-397807
-471247
-616087
-666577
-634957
-488842
-374092
-480427
-423052
-497767
-444217
-403417
-335587
-240217
-257047
-166522
-150712
-199672
-178252
-170347
-147907
-109657
-78802
-99712
-112462
-173662
-292747
-351397
-390412
-448807
-461557
-510517
-650002
-705082
-678562
-557437
-433507
-492922
-491902
-531682
-466402
-452377
-377152
-313402
-288922
-182077
-235882
-322582
-260872
-278467
-254752
-208087
-199927
-201457
-198907
-256282
-339157
-371032
-422287
-504652
-519952
-580387
-701512
-722677
-707122
-626032
-543667
-582427
-532447
-557437
-487822
-461812
-420757
-385057
-296572
-189472
-336097
-442177
-388117
-372307
-357007
-304222
-307792
-285097
-260872
-324112
-383017
-397297
-470482
-564832
-563812
-657397
-756592
-780817
-717577
-642097
-591607
-603592
-508477
-576307
-514342
-484507
-447277
-466402
-329467
-242257
-422797
-576817
-517402
-479152
-485782
-408262
-385312
-378172
-365167
-401122
-438352
-449317
-511282
-621697
-603337
-678307
-789232
-807847
-678817
-574522
-580897
-541882
-425092
-576562
-528367
-492667
-441667
-507202
-353182
-321052
-466912
-610987
-600787
-572482
-577072
-498532
-452632
-443707
-460282
-491902
-523522
-506692
-565852
-667852
-650257
-703042
-773932
-789997
-628582
-516892
-525562
-514087
-354712
-602317
-572992
-515107
-438352
-511027
-411577
-405457
-486802
-584722
-634957
-645667
-635467
-561007
-497257
-481447
-528622
-552337
-571972
-548002
-616852
-721657
-701257
-765517
-807592
-748177
-569422
-477622
-477367
-441157
-272347
-642352
-648217
-586252
-483742
-526072
-483232
-475072
-469462
-553102
-640567
-677032
-657142
-585232
-523267
-511027
-569422
-591862
-606907
-575797
-634702
-728542
-744097
-789232
-798922
-709162
-519442
-416677
-420502
-388117
-244807
-715282
-759652
-671167
-576562
-562792
-525562
-521992
-492157
-525052
-673462
-683407
-654337
-582427
-558967
-562027
-604867
-633172
-671677
-619402
-671677
-754552
-747922
-740017
-742567
-667852
-467677
-353947
-332527
-353692
-197377
-775462
-828757
-751237
-662497
-607672
-583447
-558967
-566107
-562027
-723697
-775972
-742567
-635467
-628072
-632407
-642352
-689782
-736447
-685447
-708652
-766282
-760672
-712477
-671167
-590842
-381742
-265717
-256282
-297847
-170347
-48974
-66059
-67334
-64529
-34949
-58919
-78299
-76514
-61214
-126239
-125219
-35969
-114509
-145619
-104054
-99464
-71924
-28064
-779
-33419
-72179
-83654
-73199
-57644
-82379
-118079
-140774
-145364
-165509
-231554
-40559
-44894
-64529
-73199
-24239
-49739
-86714
-97169
-89519
-141794
-125729
-37754
-122159
-145364
-96404
-114764
-77024
-34694
-26024
-30359
-87224
-87734
-74219
-30614
-69884
-122159
-118589
-144599
-159134
-198404
-33164
-16844
-35204
-64019
-26279
-51014
-92069
-100484
-99464
-149444
-130574
-36734
-119354
-133889
-81869
-97679
-69374
-34439
-23729
-34694
-89519
-82124
-56879
-17864
-72179
-119354
-125729
-150209
-169079
-199169
-524
-269
-16589
-36224
-29084
-60449
-83654
-84674
-72434
-121394
-108644
-29339
-108644
-110429
-43109
-71159
-67079
-41069
-27554
-29339
-71924
-63764
-35714
-7154
-74474
-105329
-115274
-149444
-163724
-187439
16561
-3584
-8174
-11744
-9449
-46169
-72689
-64019
-44639
-88754
-90539
-42599
-99209
-88499
-26789
-51269
-61469
-35969
-11489
-20669
-47954
-41834
-28319
-7919
-72179
-100484
-109664
-154799
-161939
-184124
20386
-7919
-9704
-3329
-9704
-26534
-32654
-33164
-28829
-67079
-86459
-59684
-94109
-75749
-17864
-33929
-56114
-31889
-4349
-10214
-40049
-31379
-33419
-22964
-73964
-99974
-113489
-161684
-146639
-147659
22426
-13274
-17099
-5369
-11999
-25769
-23474
-21434
-14039
-36224
-68099
-57389
-76259
-56369
-35204
-33929
-51779
-48719
-10724
-16079
-29084
-38264
-38774
-32399
-78044
-97169
-110429
-155309
-111959
-105074
36961
-20414
-32654
-8174
-18629
-28829
-31379
-32909
-11234
-21944
-53309
-63764
-54074
-43109
-39284
-36224
-49994
-55859
-7664
-15824
-14294
-45149
-43874
-42089
-74729
-101249
-98954
-143069
-83654
-74474
40531
-34949
-16334
19876
-6899
-32144
-37499
-23984
-18119
-24494
-51779
-65549
-36989
-35459
-44894
-44129
-37244
-36224
8911
5086
4831
-49994
-36734
-16079
-57134
-100994
-104309
-154034
-101759
-66569
34666
-31634
-1799
37216
-19904
-21434
-30359
-30359
-19394
-27554
-56114
-61469
-33929
-24494
-33419
-43619
-29594
2536
39766
24721
24721
-26789
-13019
10696
-23729
-83144
-88754
-162959
-127259
-101759
-45914
-79574
13246
54301
-31634
-7664
-14294
-21689
-34694
-34949
-47444
-47954
-27044
-13019
-21944
-30614
-28829
26761
54556
39511
37471
-16334
6616
18091
-5624
-62999
-65549
-154799
-153524
-128279
-104309
-161939
496
27781
-38009
10441
6361
-779
-15824
-22964
-38774
-40814
-29849
-14549
-13529
-17609
-52289
13501
42571
20896
26506
-7409
3811
18601
-3074
-30104
-43874
-116039
-167294
-136439
-160919
-219569
-9959
-34694
-90794
3046
10951
12481
10186
-8429
-16079
-14549
-14549
-13019
-19649
-37754
-114509
-40559
-43364
-74219
-25514
-33419
-28319
-10214
-20669
-28319
1516
-90539
-157094
-154289
-197384
-231044
-33674
-87734
-125219
-29849
-10724
-9704
9166
496
-2819
-13274
-19394
-20159
-46169
-69629
-128789
-81614
-86459
-159899
-116294
-112214
-96914
-72434
-79319
-92579
-34439
-107879
-183104
-145364
-221099
-235124
-61469
-122414
-142304
-61469
-34694
-32654
-6389
12481
-10979
-31889
-40304
-38519
-54584
-53309
-95639
-84674
-97934
-189989
-165764
-154544
-156584
-147404
-161684
-176729
-93344
-150719
-210389
-121394
-204269
-206564
-107624
-156839
-137204
-100994
-83909
-68864
-35969
34921
-4604
-40559
-40049
-49484
-53054
-35714
-56369
-73709
-106349
-183104
-182849
-156074
-183614
-198914
-217784
-204524
-138479
-176474
-211154
-64529
-193049
-185144
-138224
-169844
-141539
-136694
-107879
-90284
-61214
28546
20896
-9194
-21179
-41834
-42344
-24239
-23984
-65804
-102014
-135419
-146384
-140519
-188714
-229004
-236654
-211154
-149189
-190754
-201209
-72179
-198659
-189224
-155564
-138224
-133889
-164234
-109919
-94364
-86459
-3329
31606
8911
8401
6616
-19394
-35204
-27809
-86204
-110939
-90284
-97679
-135419
-184379
-216509
-201719
-184379
-119864
-173414
-163469
-94874
-212939
-201974
-183869
-153779
-167549
-166274
-86459
-99974
-111959
-49739
-14
-5369
11716
9676
-30104
-55094
-53054
-120884
-115274
-71414
-52544
-112469
-174434
-183869
-156839
-155054
-104309
-158879
-156584
-129809
-226454
-198149
-205034
-173159
-207074
-197384
-67589
-108389
-149699
-111959
-68864
-51014
-7919
-16334
-71924
-91559
-101249
-153779
-131594
-86714
-63509
-120374
-168569
-167804
-154289
-148934
-117824
-178769
-161174
-179534
-217019
-179279
-196109
-198914
-244559
-193304
-107369
-155054
-187184
-193049
-145364
-114509
-69629
-84674
-155564
-117569
-126749
-156074
-129299
-100739
-106604
-144089
-181574
-176984
-177239
-168569
-136184
-194834
-163214
-176474
-194834
-151229
-159389
-197639
-254759
-166274
-136949
-200699
-233084
-222629
-197384
-169589
-141029
-164234
-226964
-139499
-131849
-167039
-133889
-115274
-144854
-165764
-204269
-201719
-201974
-199679
-183614
-230024
-173159
-144854
-178259
-122669
-111704
-172394
-234869
-143069
-168314
-217274
-239714
-236909
-218804
-191009
-203249
-245834
-258584
-143324
-118589
-171119
-142049
-142559
-174689
-179279
-206564
-205034
-188969
-199934
-214214
-248894
-177494
-116039
-188969
-120884
-72434
-152759
-199424
-151484
-200189
-213194
-217019
-227729
-203759
-185654
-230534
-290204
-261134
-163724
-121139
-157349
-161429
-160409
-193304
-176984
-197384
-207329
-213704
-209369
-213449
-211919
-148424
-99719
-206564
-123944
-69629
-168824
-184379
-148934
-224669
-209624
-186674
-200444
-206564
-204269
-255014
-282044
-244304
-152759
-123944
-173159
-187184
-167549
-201209
-173924
-154799
-184634
-214469
-219059
-209369
-150719
-114764
-76259
-226454
-161174
-103544
-200699
-183104
-186929
-222884
-205799
-200699
-188459
-231299
-221864
-272864
-273374
-218804
-134144
-145619
-200444
-197129
-180044
-203504
-160919
-142304
-186419
-222884
-196874
-163214
-92834
-91304
-62744
-60879
-59349
-42519
-43029
15111
-6309
-102699
-65979
-73374
-148344
-106269
-13449
-75159
-77454
-39204
-41499
-9879
-9114
-16254
-3504
-16254
-40224
-54249
-89184
-144009
-196539
-227139
-227904
-271764
-281454
-35124
-52209
-38439
-43284
17406
-444
-49149
-33594
-43284
-107799
-45324
16641
-50424
-46599
-1464
-14724
-4014
-13449
-11919
22761
-2229
-16254
-44814
-105504
-140439
-183534
-235809
-231219
-267684
-250854
-12684
-26199
-26709
-19824
50301
13326
-47874
-51699
-41499
-88419
-34359
24036
-48894
-29769
10776
-8349
-9114
-12939
11796
46986
33726
5421
-30279
-85359
-120804
-179709
-214899
-221274
-234534
-246519
-6309
-21609
-14469
-7584
62286
44181
-27474
-34614
-28239
-72354
-48129
9756
-50169
-42519
6951
-8859
-14724
7206
42396
78096
55401
12816
-14724
-66489
-100404
-162624
-193734
-177414
-208524
-257229
-11919
-18804
2871
20211
72231
39081
-16254
-25689
-11664
-65979
-58839
-2994
-44049
-23904
32961
26841
23016
20466
36786
67386
46476
-7839
-19569
-56034
-85614
-143244
-163899
-178689
-212349
-255189
1596
-4014
12561
42906
77076
66366
-4269
-12939
1851
-61134
-59604
-1974
-34104
11286
59226
33726
20721
28371
21996
37551
15111
-15744
-27474
-62664
-97599
-157269
-157269
-173589
-221784
-263349
12051
-13449
4911
48006
81411
79371
19446
8481
-2484
-54504
-66744
-10389
-29259
25566
76311
43671
10521
3381
6951
27096
1596
-32064
-22884
-54504
-89184
-163644
-150129
-164919
-208779
-259524
12051
-20334
-5034
36786
73761
83961
39591
20721
-1719
-59604
-66489
-10644
-35379
7206
62796
33726
-3759
-5034
4911
17661
4146
-27729
-20079
-45834
-82809
-158544
-156504
-156249
-195009
-256974
-11919
-15234
5421
18171
60756
77841
46986
22506
-8349
-61134
-68274
-29514
-60624
-25179
43671
28116
1851
-2739
-3504
13326
-6054
-24924
-14724
-41754
-85614
-154464
-157524
-150129
-182514
-241164
-26454
-8349
1851
2871
28626
53871
33981
16896
3126
-33339
-47619
-28239
-59859
-42519
27861
30156
14346
9756
-9114
1341
-11664
-29769
-27729
-45834
-82809
-159309
-167214
-163644
-173844
-224334
-32574
-9369
-6819
-16764
7461
26331
8226
6441
7206
-9879
-25689
-19824
-48384
-31809
25056
34491
10776
21486
-19059
-6819
-17019
-27219
-36909
-44814
-84594
-150639
-183534
-189909
-160074
-159054
-30534
-5034
66
-20589
-6309
66
-954
10521
5676
-4014
-9624
-10134
-25179
-12684
18426
31176
12816
26586
-11154
-3249
-5544
-33849
-43539
-48639
-77199
-157014
-177159
-207759
-133809
-114429
-42264
-14214
1596
-25179
-8094
831
-16764
-2229
-2994
-5544
7461
8226
8226
6696
7206
42906
43671
51831
-189
10776
-699
-29259
-44814
-46089
-59094
-134574
-166449
-212604
-128964
-103209
-65724
-35379
6441
-32064
-6819
-7074
-44814
-18549
-8349
-10899
1086
576
6441
7206
26076
65856
60246
53871
13581
30411
10776
-25689
-44049
-41754
-37674
-108309
-143499
-212094
-135849
-136104
-79494
-58839
-3504
-40989
-13449
-13194
-42519
-40224
-22884
-11664
-5799
8736
29391
40101
57696
90591
51576
33726
21741
29136
24291
-6819
-44049
-56544
-30534
-49914
-96069
-243459
-196794
-183024
-78474
-67254
-10899
-35889
-7584
-14214
-51444
-52719
-34614
-20589
-954
29136
48006
55146
80391
87531
11031
14856
39846
14601
12561
-17019
-55269
-79749
-30279
-34104
-37929
-232494
-204699
-199344
-104994
-47109
-14469
-18804
-2739
-18804
-43284
-56289
-51954
-30024
-4269
23271
54636
74271
85746
74526
-8094
1341
31941
-33339
-19569
-38694
-78474
-114684
-65979
-39969
-12684
-172824
-177669
-166194
-164919
-56289
-29259
-26709
-6054
-17784
-35634
-61134
-59094
-18294
14856
27351
45201
65091
84726
54636
-57054
-64704
-46344
-132279
-96579
-81279
-105759
-124884
-78729
-37419
2361
-102189
-112134
-123864
-188889
-68019
-53484
-44814
-11664
-3504
-29259
-63939
-55524
-10899
19956
11286
40611
72486
67641
1341
-115449
-126414
-148599
-206739
-192204
-147579
-137124
-123099
-80769
-29514
4911
-65469
-76944
-117999
-221274
-127179
-88674
-65214
-37929
6951
-24669
-59094
-57564
-17274
23016
-6564
6441
44946
17151
-84594
-159564
-201384
-233259
-271254
-256464
-195519
-186084
-158544
-95559
-46344
-17019
-61389
-82044
-138909
-248814
-177669
-136614
-83829
-37419
-4014
-23139
-69549
-77709
-31044
-8604
-32319
-1974
6696
-75414
-140694
-201384
-253404
-274314
-289869
-286044
-221529
-208269
-166959
-100914
-64704
-23394
-27474
-51954
-122334
-267939
-223569
-170274
-107799
-57309
-8604
-25944
-63939
-100404
-60879
-56289
-68529
-22884
-37674
-155739
-175374
-223569
-286299
-312054
-322509
-315879
-216429
-204444
-160074
-131514
-69294
-21099
-27474
-54249
-100659
-283749
-249069
-185574
-125394
-72354
-39714
-44304
-62154
-103974
-99639
-103464
-113664
-48384
-101934
-193989
-202914
-270489
-354129
-367899
-372489
-344949
-249834
-243204
-182004
-149109
-93519
-61134
-20589
-30279
-69804
-280689
-257739
-233514
-154974
-99384
-59604
-47619
-60369
-114429
-152679
-141714
-114684
-58329
-149109
-207759
-234279
-315624
-391869
-399009
-396969
-332964
-283239
-263349
-187614
-145539
-96324
-91989
-46089
-1719
-33594
-331434
-302619
-295989
-211074
-136359
-88929
-61644
-82554
-165174
-179709
-101934
-87144
-103719
-202659
-240144
-285024
-353619
-426804
-420429
-404109
-349539
-303894
-246009
-206484
-137889
-87909
-101679
-35124
35001
21231
-405129
-349794
-365604
-305424
-170784
-118254
-115194
-129984
-214899
-215664
-153189
-150384
-188124
-261564
-300579
-320724
-367644
-443124
-434199
-401559
-364839
-306189
-241929
-186594
-126414
-85359
-103209
-18549
56676
61521
-149630
-268970
-298805
-391370
-361790
-472460
-600725
-578795
-513770
-511985
-581090
-631580
-547175
-494645
-500510
-448745
-397490
-405905
-342410
-159830
-224600
-298550
-220775
-262850
-497195
-623165
-610415
-648155
-733580
-670595
-107300
-228170
-254690
-314105
-317420
-427325
-511220
-448745
-432680
-447470
-517085
-575990
-487505
-435740
-441605
-381425
-373775
-361025
-279680
-92255
-174365
-253670
-189665
-267440
-461495
-620105
-609905
-626225
-697880
-556865
-98375
-207260
-205985
-224855
-252140
-343940
-391880
-341900
-340370
-371480
-452315
-506630
-419930
-356945
-365870
-329150
-299315
-302120
-171560
-46100
-108830
-209045
-149630
-238625
-452315
-629030
-595625
-607610
-633110
-495410
-77465
-192215
-173600
-154730
-164165
-297530
-303650
-271265
-303395
-287585
-353630
-390605
-332465
-285035
-273560
-221030
-216950
-229700
-69305
29125
-49925
-105515
-86135
-216950
-440585
-639485
-594095
-546665
-584150
-491330
-57575
-179720
-169265
-111890
-93020
-255710
-266930
-225620
-269480
-287075
-343685
-361535
-324815
-266675
-205220
-163910
-137900
-169520
-34370
17395
-60890
-89195
-45845
-195530
-387290
-590525
-572165
-526010
-537485
-496430
-71345
-167735
-161360
-79250
-65480
-202415
-217205
-157025
-221030
-263615
-320480
-380405
-315890
-198845
-176150
-167735
-149630
-144785
-36155
-4535
-61655
-61145
-41765
-183290
-325325
-511730
-550235
-520910
-567065
-572165
-87665
-151670
-151415
-36665
-30545
-179465
-185075
-116480
-151925
-146825
-227915
-320735
-236585
-141980
-143510
-142490
-104495
-81290
-20090
-5300
-69050
-55535
-41765
-170795
-287075
-458690
-535445
-509945
-585935
-600980
-92255
-146570
-136625
20455
11530
-141980
-152435
-107810
-132800
-117500
-169010
-227405
-174365
-80780
-92765
-122345
-99140
-77210
-36410
-18815
-74405
-45845
-40490
-139940
-229445
-388820
-517595
-489800
-582620
-620615
-91745
-156005
-145805
32695
25045
-111380
-112400
-101690
-126425
-122090
-160340
-198335
-175640
-84350
-90470
-114185
-138920
-97610
-42785
-15500
-63950
-12695
-13970
-110360
-209045
-341135
-474500
-475775
-575480
-633110
-133565
-173090
-159575
36775
16630
-74405
-86135
-75680
-123365
-131525
-147080
-178190
-173345
-106790
-85370
-113420
-147590
-89450
-55790
-26210
-75170
-16775
-22640
-70580
-175130
-303140
-455375
-468125
-559415
-668045
-153710
-183290
-159830
6685
-28250
-78230
-70070
-60635
-107045
-121325
-129995
-159320
-163400
-102965
-68030
-81800
-112910
-65735
-62675
-23405
-71600
-21110
-24170
-71855
-157025
-271775
-415340
-469655
-572420
-668045
-123875
-150395
-160850
-31565
-65225
-79250
-55535
-54260
-80780
-84860
-88430
-110615
-115460
-72875
-54515
-50180
-70070
-35390
-50435
-34115
-61910
-23150
-13460
-94040
-170795
-283760
-448235
-513005
-581345
-687680
-91490
-132290
-169010
-64205
-89705
-94295
-41255
-31055
-73385
-70070
-53750
-56810
-56810
-44825
-45845
-39980
-30545
55
-21620
-34625
-47120
-41255
-28760
-133820
-183290
-276620
-425795
-506630
-541310
-648665
-94295
-112655
-176405
-113165
-108575
-124130
-52475
-31310
-79250
-75935
-45845
-44060
-49925
-48905
-45335
-16520
-17030
17140
1075
-8360
-29780
-60890
-65990
-179975
-214400
-285800
-384740
-434210
-495665
-614240
-84860
-107810
-144020
-111125
-130250
-134330
-70070
-28250
-68795
-79760
-41765
-43550
-52985
-48650
-19325
7450
35755
31165
22240
31165
-4535
-76190
-119285
-205985
-240155
-260555
-361790
-382955
-494645
-601235
-71090
-97865
-110105
-114695
-153965
-142490
-96590
-20855
-32330
-55280
-27485
-23150
-31820
-22385
16120
53860
83695
46210
35500
32950
-4535
-112400
-178955
-245765
-262340
-283760
-351080
-362045
-457670
-555845
-43040
-66500
-79505
-121070
-156260
-140705
-98630
-65225
-50180
-51965
-28505
1585
820
2605
20455
45190
83695
27850
-8360
13315
-30545
-131270
-229700
-295235
-274325
-275090
-335015
-342410
-411005
-523715
23515
-19580
-54005
-113930
-165440
-121835
-100925
-59105
-67010
-71345
-51965
-38705
-17285
-19580
1330
42385
48505
-7085
-71600
-43040
-70070
-140450
-298295
-320735
-293195
-279935
-301355
-278660
-401825
-487760
34480
48250
19945
-63185
-111380
-83075
-115715
-80780
-93785
-84860
-101180
-80525
-22640
-25190
13825
26830
17140
-62930
-84095
-99140
-143765
-163910
-350825
-362045
-306200
-286820
-299315
-304415
-402845
-448745
8725
37795
41620
-3260
-44570
-37175
-91745
-86645
-81035
-98120
-122600
-119540
-50435
-19580
20965
17905
-7340
-106790
-89960
-107810
-131015
-142490
-343940
-360005
-273815
-249335
-326345
-310280
-397490
-398510
9490
16120
19180
24025
48760
62275
-26210
-70835
-87410
-96590
-136370
-134840
-72110
-23915
18670
13570
-63185
-145040
-105260
-73385
-95825
-128975
-290390
-328895
-233780
-253160
-336545
-364595
-409730
-371735
32440
5155
-47120
25045
82165
95425
15865
-43550
-74405
-84350
-126425
-160595
-98885
-48140
-18815
-21620
-92255
-202160
-137135
-81545
-136625
-76190
-208790
-246785
-199865
-204965
-272030
-319715
-435740
-338075
9490
-17795
-81800
5920
91090
93895
57685
-18305
-69815
-82310
-136880
-188645
-111125
-72620
-31310
-57575
-153455
-252905
-176405
-112655
-152180
-77975
-164930
-206240
-191960
-203180
-217715
-229190
-364595
-290390
-27485
-76955
-146570
16375
94405
68395
93895
26830
-32075
-77465
-146315
-218480
-118775
-78995
-87155
-112910
-229190
-332210
-213380
-122855
-160850
-94550
-152180
-185585
-174365
-136625
-123620
-112145
-190685
-228680
-90725
-138665
-198590
-34880
102820
78595
71200
44170
-22640
-102965
-99650
-169520
-104240
-103220
-140195
-189920
-321245
-425795
-255965
-174110
-170285
-128210
-170030
-168500
-156260
-120050
-112145
-39725
-130505
-234035
-164420
-157025
-205220
-40745
64825
34735
58960
-2240
-19580
-65735
-43805
-107300
-72875
-125405
-215165
-285035
-388820
-484445
-343430
-246530
-244745
-213635
-196295
-176150
-140195
-119795
-141725
-54770
-109850
-202160
-167472
-272787
-328632
-318942
-287577
-248307
-242442
-426042
-544872
-588477
-571392
-554307
-587967
-552267
-468372
-466077
-427827
-335517
-333987
-355662
-269217
-271002
-276867
-357702
-412527
-481887
-623157
-672372
-703482
-763917
-104997
-221532
-259782
-260802
-227397
-192717
-207507
-374787
-460212
-469137
-469137
-472452
-490557
-459447
-370707
-376317
-322257
-230967
-242187
-260802
-186852
-194502
-187107
-305937
-377082
-444402
-569352
-667782
-712152
-786357
-51192
-150642
-189402
-183792
-159822
-141207
-186342
-304407
-371982
-369942
-384987
-387537
-409722
-380652
-285537
-299562
-250092
-147327
-161097
-174102
-123357
-111882
-99897
-234282
-329397
-396717
-506112
-654267
-684102
-738417
-7332
-111627
-126927
-126417
-95817
-57822
-161097
-267687
-285282
-282732
-295482
-276357
-305427
-294462
-203682
-222297
-195522
-83067
-79752
-102957
-58077
-26457
-16767
-165687
-263097
-350817
-457152
-611427
-681807
-716487
14598
-88932
-98367
-75162
-35127
-1977
-104997
-201897
-213117
-202407
-195777
-181497
-208272
-212607
-120807
-140952
-125652
-14982
-29262
-62157
-60627
-38697
10518
-116982
-226632
-301602
-404367
-587712
-697872
-737397
31428
-72102
-78732
-55272
-17277
35763
-53487
-126927
-132792
-115962
-100662
-103722
-133557
-115197
-74397
-106782
-113922
-12432
-22377
-64452
-81027
-43032
21483
-90207
-215157
-271767
-355662
-533907
-674667
-781002
36528
-53742
-62667
-43287
-9627
52083
-30537
-76947
-68022
-42012
-16257
-23907
-64197
-55527
-39972
-76182
-113667
-17532
-4527
-50937
-77202
-50937
13833
-67767
-192972
-234537
-308997
-478062
-646107
-798852
40608
-39462
-52977
-57312
-6822
48258
-11922
-52467
-45072
-18552
1593
-10902
-54252
-40227
-26202
-81537
-107547
-14727
10008
-40482
-68532
-46857
8733
-46602
-154722
-201132
-268452
-435222
-628767
-806247
59478
-14982
-34107
-57567
-1467
49533
-7842
-39462
-40992
-13962
-6822
-23397
-63177
-63687
-28752
-85107
-92247
-24162
7203
-46347
-80007
-64197
-2487
-23652
-103212
-165177
-243972
-388812
-585672
-766212
100788
37293
-4782
-42522
-2742
25053
-9372
-33087
-37932
-13452
-10902
-22632
-56037
-66237
-33087
-75927
-85107
-47112
-8607
-58332
-75672
-82557
-24927
-5037
-61392
-131262
-212862
-342912
-519372
-737142
83448
52593
38313
-2232
-5037
3888
-27477
-46857
-48132
-26967
-17277
-27477
-54507
-62922
-39462
-69297
-86382
-71337
-29772
-75672
-63432
-98877
-48132
-14727
-59862
-131007
-197307
-310272
-485712
-711897
-12942
-11157
52083
34488
36273
37293
6183
-24927
-39207
-33597
-36912
-46092
-63432
-64452
-46857
-54762
-81792
-74907
-43032
-80007
-77202
-124632
-79497
-62667
-115707
-154977
-181497
-270492
-450267
-655542
-127692
-127692
-6822
-7842
29643
90333
58968
9753
-21612
-41757
-53487
-53232
-53232
-50682
-47112
-59607
-104997
-110352
-40737
-59607
-77457
-115962
-75162
-84342
-118512
-154467
-139167
-251622
-427572
-563997
-188382
-165687
-87912
-111372
-39207
81153
77328
37548
21228
-20847
-42522
-53742
-58587
-60882
-66237
-62157
-104487
-98112
-52467
-97092
-92502
-131517
-102957
-115197
-174102
-182517
-147837
-263352
-438792
-460212
-229182
-134832
-107802
-187617
-125907
11793
34488
44178
62283
19953
-7587
-31812
-47112
-61392
-81027
-58332
-81537
-84342
-77712
-145797
-142737
-166197
-206742
-210312
-259017
-205722
-198327
-280692
-388557
-349287
-254682
-138912
-92757
-201642
-176652
-50682
-34362
-7332
52593
53868
14088
-4782
-21102
-63942
-112137
-120552
-105252
-111882
-129732
-186852
-178692
-226122
-336027
-323277
-341382
-275082
-309762
-375807
-366372
-282732
-311037
-189402
-113667
-167472
-164922
-91737
-72612
-41757
50553
100788
47238
4653
-48897
-96327
-135342
-140187
-103722
-152937
-196287
-231987
-208017
-278907
-421962
-428082
-422727
-363822
-429102
-483672
-365607
-248817
-397992
-285027
-191697
-154212
-158802
-124122
-91482
-64707
6948
96453
64068
24543
-32832
-102702
-165687
-152172
-112137
-214392
-283497
-314862
-269217
-333987
-475767
-506112
-492597
-443127
-490302
-501267
-364842
-220257
-510957
-431907
-310272
-202662
-149622
-126672
-96582
-85617
-57822
-8097
-7842
-17277
-44052
-103722
-168747
-130752
-174612
-297012
-354387
-355917
-365607
-395442
-478572
-494637
-500757
-482397
-530592
-479592
-350562
-206742
-574197
-523452
-407427
-301602
-188382
-145797
-110352
-126162
-107802
-134067
-160077
-147837
-153192
-178437
-201387
-166962
-238617
-372492
-394422
-392892
-413037
-423747
-418137
-456642
-490812
-484947
-527022
-427572
-264882
-157527
-630807
-579807
-473472
-412017
-308742
-173082
-108057
-123357
-150897
-220002
-267432
-279417
-270747
-254682
-234537
-209292
-307467
-438792
-452817
-456132
-466332
-468117
-424002
-444147
-489282
-464547
-485967
-347502
-165432
-61647
-627237
-579807
-504582
-505347
-395187
-208272
-131772
-152427
-214392
-286047
-303387
-320982
-359487
-328632
-295992
-286812
-360507
-481887
-510447
-539772
-541047
-511722
-465822
-497952
-524472
-507132
-521412
-357957
-120807
6948
-691497
-605307
-526767
-592047
-464802
-244737
-179202
-225357
-256977
-314862
-342912
-355407
-415332
-393402
-383457
-376827
-430887
-553542
-608877
-613722
-557112
-532887
-513252
-511467
-505602
-510957
-583122
-392892
-94287
15618
-761622
-659622
-575982
-642027
-496167
-295992
-259272
-316647
-319707
-332712
-376572
-410997
-464547
-447972
-476277
-476022
-493362
-633867
-684357
-672117
-562722
-556092
-538497
-515037
-490302
-483672
-590772
-407682
-69552
13833
-809052
-706797
-686397
-718272
-542832
-364587
-345717
-380397
-421452
-438792
-443892
-435987
-468372
-480867
-550992
-571392
-568332
-690987
-748362
-694047
-590517
-579552
-554307
-520137
-445422
-461232
-539517
-343677
-34107
34488
-873057
-771567
-775902
-774627
-593322
-437007
-442617
-469902
-485202
-469137
-475002
-498972
-544107
-559662
-647637
-661662
-625707
-720567
-754227
-678237
-592302
-591027
-528807
-501267
-427827
-430632
-445422
-255192
47748
81663
-214963
-242503
-263923
-300898
-342718
-353683
-357508
-371023
-363118
-322318
-296818
-307783
-295033
-309568
-343228
-337618
-259078
-202468
-287383
-362098
-330478
-213178
-200173
-218533
-295033
-283558
-329458
-393973
-390403
-377398
-116278
-118318
-171613
-239188
-334813
-372553
-381223
-388873
-342718
-300388
-273103
-298093
-294268
-301918
-352918
-350113
-265198
-181303
-227968
-299623
-280498
-192778
-153253
-194563
-268003
-266728
-304978
-386323
-388363
-363118
-61453
-27283
-87718
-170338
-304723
-354703
-375868
-367708
-318493
-285853
-271573
-301918
-299113
-303193
-341953
-344248
-257548
-152998
-168808
-268258
-240718
-174163
-91288
-177478
-249643
-220828
-254998
-379693
-375358
-383263
-33403
4082
-33658
-137443
-285343
-306763
-320278
-323083
-307528
-263668
-252958
-286108
-292738
-293248
-304468
-324613
-252703
-141523
-100213
-218023
-209863
-131323
-39523
-159373
-228223
-200683
-203743
-359038
-365158
-382753
-30343
16322
-20398
-115258
-270808
-264688
-262393
-281008
-269023
-232303
-217513
-268003
-275908
-262648
-250408
-284578
-229498
-130813
-69358
-203743
-205018
-113728
-36208
-148918
-178753
-171358
-182068
-335578
-356488
-389893
-17338
46667
-2548
-100468
-260608
-241738
-213433
-217003
-225163
-192778
-200938
-248623
-257038
-230518
-221083
-261118
-235618
-142033
-73438
-191503
-209353
-84913
-10708
-124183
-127498
-143563
-182323
-312373
-340168
-383518
-21928
56357
12497
-64003
-222868
-235108
-185383
-166513
-166003
-155038
-178243
-215473
-222868
-217003
-200428
-226693
-221848
-168298
-107353
-170593
-190228
-71908
-9178
-59413
-61198
-107098
-180793
-298603
-319258
-364903
-65533
46157
39527
-20143
-146113
-193288
-159118
-141013
-159373
-148153
-154273
-182833
-190738
-191758
-181048
-196348
-222868
-189208
-146368
-161668
-189973
-91543
-43858
-34933
-18868
-82618
-165238
-262138
-295033
-338383
-141268
-2038
31877
-41053
-119848
-122398
-107353
-124438
-160138
-147643
-147388
-155803
-156058
-155548
-145858
-170593
-220573
-205273
-194308
-171103
-204508
-160648
-96388
-48958
-37483
-67063
-131578
-211648
-260353
-268513
-259843
-110413
-22948
-68083
-125968
-57883
-28558
-90778
-156568
-144838
-137443
-158098
-160903
-149428
-143563
-157588
-212923
-211393
-213433
-187933
-221593
-204763
-159373
-84148
-71653
-87208
-117553
-197113
-234088
-203488
-309823
-199153
-110413
-146113
-154273
-30343
43352
-39268
-131068
-142543
-140248
-160903
-168043
-142543
-125458
-133618
-173653
-189973
-199408
-177223
-203233
-202468
-175693
-112453
-114238
-121888
-111178
-167533
-205018
-142033
-297073
-212158
-165493
-236128
-219043
-81343
55082
36722
-32383
-95113
-116023
-131833
-136168
-119083
-89503
-83638
-123928
-188188
-216238
-192268
-199663
-199918
-183088
-126733
-134638
-132088
-140248
-179008
-190228
-99958
-255508
-176713
-184873
-292738
-280498
-167533
5612
74462
88487
14282
-47938
-77008
-77008
-80323
-71398
-57373
-78283
-138208
-199918
-186403
-193543
-225163
-236893
-173908
-134128
-173653
-207058
-233578
-187168
-83383
-243523
-135658
-160393
-299113
-314668
-237148
-52273
63497
140252
98177
39272
257
-14278
-35698
-57373
-71653
-57373
-120103
-167278
-159118
-178243
-251683
-273868
-208333
-155803
-236383
-310588
-324613
-224908
-107608
-257038
-136933
-134893
-247093
-305488
-270553
-135148
-1528
125717
134897
64262
4592
-23203
-41053
-73948
-90268
-78793
-126988
-149428
-133873
-164218
-240208
-287638
-247603
-197113
-271063
-369238
-370513
-282793
-149173
-247348
-180028
-156058
-202978
-242248
-243268
-187423
-95368
44372
60947
-12493
-61708
-51763
-67828
-94093
-111688
-110413
-167278
-177733
-150703
-151468
-205018
-267493
-273868
-226183
-303193
-394993
-405958
-325123
-213688
-273103
-242248
-211393
-208588
-206548
-216238
-234343
-200683
-86188
-57373
-107098
-149938
-148153
-143563
-138718
-138463
-145603
-197623
-215983
-176713
-149428
-193798
-264433
-287383
-278458
-345268
-425083
-409018
-316708
-302173
-309313
-330988
-305998
-248368
-218023
-227203
-262393
-246583
-166258
-95878
-135658
-173908
-181048
-167533
-167023
-170083
-173908
-239698
-257038
-210118
-169573
-230263
-316708
-335323
-326653
-442933
-487813
-443188
-312373
-347563
-353938
-395503
-364903
-299368
-259588
-244798
-273613
-286873
-233323
-146368
-139483
-193798
-223378
-209098
-193798
-186403
-222868
-307783
-298093
-245308
-210118
-264433
-358018
-377653
-352663
-509488
-550288
-438598
-307528
-358783
-379438
-432223
-405193
-343993
-313138
-279733
-300898
-319258
-301408
-215218
-164728
-201958
-251173
-245818
-230263
-218533
-276928
-367963
-347308
-280243
-247093
-286873
-370513
-370258
-375868
-518668
-563548
-421258
-261628
-329968
-403408
-458998
-424318
-408763
-403408
-346288
-366433
-368218
-376378
-287383
-194563
-231793
-310078
-306763
-300898
-284068
-344758
-436048
-411823
-323593
-295543
-304213
-366178
-373318
-401113
-530143
-532183
-395758
-212668
-294268
-406723
-461293
-470218
-461548
-435793
-381988
-374338
-394228
-435028
-364903
-246073
-257293
-353683
-357508
-370513
-356233
-405448
-498268
-461803
-348838
-311353
-313903
-356233
-377143
-428908
-517393
-507958
-405448
-272593
-342718
-440638
-495718
-517138
-509998
-486793
-421513
-403153
-414883
-492403
-439618
-320023
-301153
-408508
-430693
-425593
-399583
-422023
-471748
-450328
-351898
-320023
-325888
-342208
-387088
-416923
-473533
-444208
-396523
-309823
-392443
-476083
-518923
-562783
-523513
-491383
-471493
-464608
-434518
-505408
-499288
-399328
-370513
-453388
-477358
-460783
-415138
-436048
-468943
-453898
-354958
-332008
-332773
-306763
-334813
-347563
-388108
-368728
-315433
-294268
-380713
-540853
-567373
-579103
-528103
-496738
-494953
-503368
-447013
-484753
-534478
-465118
-439363
-501583
-479908
-444718
-397543
-432733
-480163
-445738
-344503
-343993
-343738
-270553
-278968
-307783
-351133
-309568
-194308
-205273
-302173
-596953
-623473
-598738
-523513
-502093
-508468
-510763
-437833
-447778
-533968
-544933
-522238
-574003
-528103
-451603
-399073
-438598
-466393
-413608
-328438
-337108
-318238
-253468
-223888
-232048
-287893
-247603
-136678
-129538
-198643
-53550
-84150
-68595
-122910
-133110
-154020
-205275
-169065
-158865
-172380
-217515
-177735
-136680
-170595
-177990
-185385
-202980
-175440
-134640
-177990
-238170
-221085
-191250
-141525
-222615
-257805
-307275
-340170
-343485
-369240
-34425
-66045
-53295
-104550
-93840
-150195
-182325
-154785
-171360
-186150
-224400
-188700
-148665
-185895
-182070
-195585
-207315
-173400
-134640
-169575
-209355
-190230
-156315
-129030
-213435
-228735
-303450
-332775
-325125
-371025
-21930
-47940
-47175
-86955
-78540
-125205
-151980
-134640
-167790
-173145
-233070
-204255
-166005
-187170
-186915
-190995
-194565
-156570
-99450
-132600
-170085
-132855
-109140
-91800
-184620
-193800
-285090
-313140
-310845
-353940
-14025
-41820
-40035
-75225
-60945
-119340
-137700
-123930
-149430
-147390
-203235
-175695
-146115
-180540
-171360
-162435
-148410
-99705
-33150
-82620
-103275
-66045
-57375
-60435
-134895
-158610
-270555
-291720
-322830
-352155
14025
-26265
-35955
-53040
-55590
-110925
-96900
-96645
-116025
-116790
-178755
-149940
-139230
-166005
-135405
-106590
-86445
-35445
17595
-47430
-80325
-63240
-39270
-60180
-105825
-132600
-277185
-304470
-353430
-350115
7905
-26775
-39780
-46155
-59160
-107610
-86955
-80580
-85935
-84660
-126990
-111945
-111180
-124695
-103020
-72165
-58905
-55590
-10455
-54570
-73185
-59670
-41310
-47175
-82110
-118065
-265965
-304725
-370515
-386070
5865
-31620
-41565
-48960
-55845
-106845
-98175
-86445
-87975
-69870
-83895
-55845
-46410
-83895
-85680
-81090
-110160
-87465
-40545
-71400
-64005
-44625
-31620
-38250
-77010
-120615
-239445
-291720
-368475
-391170
-27540
-52020
-37485
-49215
-65280
-95370
-86700
-83640
-95880
-101745
-107610
-84405
-75990
-100725
-106080
-102765
-116790
-90015
-40290
-60180
-35700
-41055
-10455
-29070
-61455
-113475
-211905
-279735
-372555
-393720
-71400
-32640
-35700
-61710
-74460
-79305
-76500
-79815
-79050
-84405
-86955
-74460
-75990
-87210
-108120
-100470
-106335
-83130
-2040
-32640
-27540
-18870
27030
-33405
-82620
-102765
-172635
-256020
-364905
-376635
-94860
-46410
-47175
-90270
-108885
-70890
-57375
-68085
-65790
-66300
-68085
-53295
-56610
-67320
-77520
-83385
-100725
-63495
34170
-19125
-38505
-13515
14280
-35190
-99960
-93585
-141270
-265710
-365670
-350880
-141525
-71145
-85170
-112455
-118065
-59670
-47430
-47685
-60180
-58905
-57630
-43605
-47430
-56100
-68085
-71400
-89505
-44625
42330
-34170
-62730
-67065
-57630
-80325
-109905
-108375
-172635
-292485
-338130
-287130
-216495
-118320
-118575
-127755
-109905
-15555
-25245
-43095
-58140
-48450
-48960
-40800
-44370
-48195
-61965
-66555
-55590
-21165
3825
-80580
-121125
-147135
-143565
-141015
-146880
-139740
-205530
-274890
-262905
-186405
-284835
-179520
-177480
-195840
-117300
11220
-6375
-33660
-46155
-45390
-52530
-51765
-51765
-49725
-57120
-75990
-60690
-56610
-78540
-152490
-212415
-219810
-194565
-201705
-190230
-201960
-238680
-253725
-239445
-146625
-319005
-244035
-215475
-246330
-164985
1785
1530
-19380
-35190
-40545
-56865
-59670
-52275
-52785
-77265
-84405
-68340
-142545
-193035
-279990
-324870
-309570
-276420
-279225
-264945
-275145
-313905
-316965
-262395
-123420
-342720
-267750
-255255
-285090
-193290
-17850
26010
6630
-10200
-28560
-62730
-62730
-47175
-53550
-63750
-54315
-119595
-222105
-303705
-409275
-426870
-407235
-363375
-343740
-317985
-338385
-384285
-371790
-234855
-82620
-363630
-305235
-296055
-316455
-197370
-46410
39525
45135
55080
-21420
-85680
-51510
-34170
-46155
-34680
-46920
-171615
-292995
-401625
-485520
-482205
-460020
-421770
-386325
-349605
-372810
-450585
-419220
-223380
-60435
-371280
-352410
-343995
-324615
-195585
-47175
69360
71655
52785
-9435
-44370
-18870
-25755
-61710
-60180
-135150
-260100
-382500
-484755
-533460
-496995
-473025
-443700
-394230
-334560
-367965
-435540
-414375
-207825
-37230
-434775
-424320
-393210
-329460
-201195
-32130
86445
41055
-16065
-58140
-69615
-34425
-56610
-100725
-125715
-232305
-336090
-462060
-529890
-543660
-491130
-471240
-442935
-373065
-303450
-323595
-393975
-361845
-166005
-23205
-500055
-495465
-459000
-357510
-185385
-5610
59925
-24990
-81600
-115770
-142545
-102765
-126480
-170085
-219810
-313140
-418710
-515100
-532950
-505665
-475065
-432480
-417180
-355215
-309315
-306510
-378675
-362865
-136170
-58395
-523770
-554115
-556665
-416415
-183600
-14535
19125
-91545
-133365
-184620
-236895
-177990
-208080
-247605
-296055
-405195
-485775
-554880
-546975
-476340
-454920
-401115
-416670
-380970
-360570
-374850
-399840
-334305
-132600
-112710
-518160
-565335
-614805
-443445
-243015
-105315
-73440
-183855
-207570
-246075
-288150
-252450
-286620
-327165
-378420
-489855
-538560
-589815
-553350
-482970
-449310
-375360
-418710
-419730
-426870
-459765
-437070
-304215
-100470
-125970
-506430
-570435
-629340
-450330
-283050
-190740
-207315
-281775
-286110
-281520
-324360
-319005
-376635
-397545
-480165
-544680
-563805
-593640
-556155
-496230
-453390
-355980
-418965
-425850
-458490
-488580
-420495
-257805
-62985
-79560
-523260
-594660
-609195
-443445
-313905
-276930
-367200
-401880
-341700
-313140
-364140
-383265
-453135
-474300
-554625
-579870
-566355
-590070
-562785
-509235
-459765
-375360
-436560
-427125
-473535
-491130
-400860
-209610
-34680
-79050
-544425
-633420
-606135
-470730
-357765
-384795
-504390
-507195
-401370
-360060
-387345
-435795
-510255
-523005
-589050
-576810
-564570
-584715
-565335
-512805
-443190
-365925
-440895
-435285
-473280
-450585
-343485
-141525
-12240
-60435
-544935
-641580
-632655
-493935
-413355
-477105
-580890
-572985
-472260
-420750
-427635
-449310
-526065
-543660
-575280
-562530
-562785
-585735
-547485
-505410
-419475
-361590
-442935
-437325
-423810
-376890
-286620
-63750
32895
-41310
-563805
-659940
-628320
-504645
-465120
-558450
-613530
-593130
-507705
-482970
-510765
-508725
-562530
-555135
-543405
-543660
-550545
-573240
-502860
-464100
-389895
-390915
-451350
-412335
-356745
-285345
-189975
13005
72420
-35955
-56313
-723
-15003
-78753
-54018
-144798
-158568
-145563
-63708
101277
-20613
-91248
33702
-7608
-109098
-95838
-31833
-16023
2082
-19593
-43563
-38973
-75948
-48663
-45093
-106038
-258528
-264903
-323808
-303663
-37188
-9648
-13983
-76713
-72123
-157803
-177948
-100683
-16278
97962
-30303
-54273
66087
7437
-65238
-32088
20697
6162
-10668
-47898
-57078
-43563
-69573
-43053
-68808
-89463
-224358
-265923
-316923
-311823
-43053
-3783
-5823
-71103
-57333
-142503
-188658
-120063
-67788
51297
-36678
-45603
74502
9987
-68808
-40248
21207
3867
-27498
-64983
-64473
-53508
-56823
-35913
-74673
-73653
-212118
-270258
-333498
-317178
-28263
4377
-19338
-64473
-59883
-122358
-146328
-100173
-76968
-6843
-40248
-64218
44412
2592
-89208
-78753
-10668
-7608
-11688
-59373
-68298
-39483
-39228
-42033
-94308
-48918
-171573
-259293
-332223
-309018
-8883
5142
-35403
-56568
-41013
-116748
-126693
-81558
-61158
6927
-24438
-52488
53847
3102
-88698
-67788
-13218
-8373
807
-45348
-40503
-24438
-46368
-38463
-96093
-39738
-150663
-263373
-329418
-274848
5142
6672
-37188
-44073
-33618
-105018
-115983
-62433
-37443
18147
-32598
-61158
46962
11007
-69573
-78243
-5568
7182
7437
-25458
-35148
-28263
-45603
-25458
-84108
-46368
-124143
-235068
-336303
-306213
-24438
297
-35403
-23163
-30048
-90228
-96093
-43308
552
42372
-35148
-58608
54102
16617
-74418
-64983
20187
5652
10242
-19338
-40503
-32343
-46368
-34638
-91503
-58098
-103743
-196053
-333753
-323808
-19083
3357
-21888
5907
-10668
-76713
-73398
-31068
6417
39822
-23418
-36423
59712
37017
-49683
-36678
12792
-9903
552
-33108
-63198
-46113
-66258
-36423
-85638
-54273
-98898
-175398
-355428
-329928
-33618
-38463
-15768
6927
7692
-48408
-42033
-10668
1062
26562
-8883
-13728
76797
52827
-24693
-33108
-6333
-28263
-9648
-46878
-67278
-60138
-80028
-43563
-83598
-51468
-113688
-159078
-317178
-301878
-50448
-101193
-72888
-16278
22227
-13218
-20868
-1233
-213
4377
-20868
-17298
57417
51042
-14493
-47898
-22143
-48918
-31833
-61923
-62178
-56568
-80793
-47898
-73143
-62943
-119553
-152958
-257763
-287088
-111903
-117768
-117513
-61413
1827
7437
2592
2847
-4548
-4038
-23163
-24693
34467
25797
-26988
-62688
-18573
-48663
-15003
-31323
-48153
-49173
-63963
-46368
-70593
-83598
-110118
-134598
-225378
-295758
-128478
-141738
-139953
-77478
-33873
-43818
-40758
8202
18912
9477
-18063
-23418
10242
10752
-10413
-33108
6162
-6588
11772
-21378
-72633
-80538
-84618
-45603
-88953
-102213
-139698
-137148
-236343
-282498
-129753
-103233
-112923
-77223
-81558
-98133
-84363
-24948
31407
31152
12282
11517
11517
9732
17892
-6333
-6333
-51468
-23163
-36678
-127968
-123378
-114963
-98643
-96858
-142248
-191208
-184833
-245013
-268218
-137403
-68043
-103488
-85383
-74928
-120573
-115728
-47898
18147
29112
9732
8712
9222
5907
6162
-11178
-34128
-75948
-15513
-39228
-166473
-169533
-140718
-136383
-114453
-156273
-192993
-223083
-247563
-228948
-172848
-85638
-89463
-87933
-41268
-120828
-127968
-100938
-22143
25542
14577
11517
-20358
-45603
-57843
-53508
-66768
-69573
2592
-34383
-141738
-166983
-158313
-147093
-106038
-112668
-164688
-216198
-211353
-233538
-216963
-109608
-126693
-143268
-27498
-130008
-119043
-140208
-61158
3357
9987
-25203
-71358
-80793
-85893
-69063
-37443
-29283
-24948
-61668
-153978
-179988
-156528
-141228
-104253
-87423
-101448
-172848
-202938
-280458
-221298
-138933
-166473
-171573
-62688
-147093
-140718
-160608
-94563
-36678
-31323
-64473
-91248
-92268
-94563
-91248
-14493
-48408
-73908
-115218
-197583
-167748
-135873
-147093
-91503
-76203
-94308
-161373
-195033
-283008
-217218
-175908
-200388
-198093
-76968
-189678
-176163
-143013
-109863
-62943
-76968
-83853
-107823
-93798
-76968
-87423
-37188
-93798
-144288
-151683
-214158
-156528
-120573
-97368
-59883
-74928
-83853
-138933
-139953
-251388
-193758
-201663
-225378
-205998
-137403
-205998
-197328
-120063
-109098
-57078
-86148
-85638
-112158
-96603
-67533
-71868
-76458
-158823
-193758
-197583
-221553
-163158
-111648
-91248
-68553
-112668
-91758
-115728
-112158
-203193
-181008
-176418
-261588
-219258
-200643
-244248
-240423
-119043
-111393
-54018
-93543
-103488
-128733
-88443
-60903
-95328
-148623
-218238
-264393
-239658
-233793
-183813
-106038
-78243
-41523
-92523
-79008
-95328
-118278
-147093
-224868
-203448
-269748
-276378
-280968
-271533
-292188
-177438
-122613
-48663
-110118
-82578
-110373
-111393
-123123
-133068
-218238
-264393
-318708
-254448
-241698
-186108
-112158
-71613
-44073
-72888
-88953
-86403
-94563
-118788
-237363
-205743
-290658
-312588
-310038
-260058
-295503
-243993
-169533
-80538
-112413
-91503
-93543
-131538
-153723
-204978
-276888
-314628
-310038
-243483
-225888
-166728
-103743
-70338
-37953
-73143
-87168
-108078
-94563
-138678
-256998
-230223
-305448
-318453
-303408
-242208
-298818
-277143
-225633
-141228
-169533
-124143
-103998
-175143
-180753
-258273
-319473
-301368
-242463
-183558
-171573
-97113
-71358
-49683
-33873
-97368
-140973
-118278
-100428
-183048
-331713
-252918
-335538
-328143
-279693
-234558
-331203
-317433
-310548
-170553
-194013
-159078
-143013
-204723
-234558
-278928
-322278
-282498
-171573
-131538
-133068
-54273
-45858
-723
-27498
-107823
-165963
-115728
-94563
-181518
-457938
-343443
-369198
-292188
-242463
-256998
-361803
-364863
-348288
-165198
-166728
-170808
-186873
-199623
-243483
-278673
-315393
-246543
-112668
-80793
-118278
-22653
-16278
32427
-26223
-102468
-152958
-68298
-90483
-164943
-604563
-452838
-453858
-285048
-204468
-327633
-358743
-371493
-324318
-160098
-142503
-104763
-154233
-213903
-256743
-275103
-311568
-244758
-86913
-78753
-118023
-14238
-19083
8967
-45858
-108078
-137913
-73398
-92778
-118788
-58523
-56738
-7268
18742
-23333
-11093
-61583
-156443
-127628
-131963
-154403
-194183
-201323
-185768
-165878
-168173
-126608
-119978
-119723
-67448
-60563
-83513
-77393
-106973
-101108
-59798
-4463
-9308
-93713
-228608
-57503
-59288
7522
53422
-3698
27412
-32258
-127118
-122018
-128648
-177353
-182963
-177608
-169193
-151343
-148283
-110543
-104933
-107993
-76373
-62348
-45518
-42458
-53423
-47048
-23078
5227
-29198
-50873
-209228
-58013
-91418
5992
50107
17722
34807
-51638
-94478
-119468
-126098
-147263
-154403
-156698
-144203
-118448
-109523
-64388
-74078
-87338
-81728
-50363
-13643
-383
-10583
-9818
-18998
-11858
-29963
-51128
-166133
-46283
-61073
30727
53932
20782
52147
-51638
-77903
-93713
-90398
-94733
-97793
-94988
-98813
-77648
-83513
-40673
-62093
-93458
-99578
-73568
-11093
22822
39142
29452
-3953
-23588
-35318
-57503
-150323
-46283
-38378
51127
45007
10072
59032
-29453
-47048
-63113
-56228
-28943
-18488
-29198
-61838
-73568
-87848
-46793
-63623
-75863
-79943
-52403
30217
45772
58522
31747
20782
-12368
-38378
-72803
-170213
-63113
-47048
50617
43987
11347
42202
-34043
-35573
-50618
-16193
30217
21292
9817
-28178
-51638
-79943
-29198
-34043
-33023
-57758
-40673
50107
35317
57502
22822
23842
1147
-31238
-95243
-170978
-73313
-31238
44497
18997
17467
28942
-16448
-27413
-51893
-2678
33022
17212
22057
8542
-46028
-68978
-14408
-5738
-10073
-58268
-51128
45262
22567
38632
21292
37357
10582
-28178
-102383
-170978
-82493
-4463
12877
-33278
-11603
2677
-21803
-11858
-14663
19762
17722
-2168
4207
-10073
-43733
-57503
15682
21292
-5738
-56483
-48323
41947
14152
30217
27157
47812
7012
-21548
-98558
-164858
-71783
19507
-12878
-50873
-5228
-28178
-24353
4972
2677
32257
8542
-18233
-11858
-18998
-41438
-40928
20272
22312
-12878
-67958
-51128
33787
-3443
11602
42967
75607
3442
-29708
-102638
-150833
-46028
37867
1912
-30473
-4718
-60818
-34298
5992
15682
21802
637
-13388
-3443
-6248
-17723
-28433
13642
12877
-25628
-100853
-55973
14407
-1403
-6248
46282
79687
29707
-33023
-82493
-140888
-8288
52402
5227
10072
8032
-57503
-11348
16957
6757
3442
4972
-6248
2422
-1658
-10328
-22568
10072
5737
-28178
-119213
-58268
11092
10582
637
45262
69742
46027
-5483
-66938
-147773
2167
73057
11347
27157
30217
-40928
8287
22312
11857
5482
892
-7268
1147
-1403
-7523
-14408
10072
3187
-33278
-103658
-45008
11092
26647
28687
36592
74587
54697
29452
-31493
-130178
24097
66937
-3443
52912
50617
-36338
6757
20272
9562
6247
8797
1147
1147
892
-1913
-17213
-14408
-29708
-47303
-81983
-45518
8797
27412
23332
33022
53932
44497
37102
19252
-70763
37612
58012
-19508
37102
60817
-15938
18742
25627
6502
-6248
5992
11347
10582
-5228
-13388
-36848
-38123
-59288
-51383
-70763
-18233
-11603
14662
21292
40927
27667
31237
58777
61582
-34808
41947
57247
-20273
56992
77137
-4973
13642
17212
16447
7522
11347
9562
-9053
-30473
-50108
-60053
-48578
-58268
-50873
-52658
-29198
-15938
7522
10582
22057
17722
49852
102892
72802
-25628
8542
49087
17467
58522
75607
13387
7012
-8033
-11858
-1913
31237
24097
-3443
-27158
-59288
-73058
-57758
-58523
-61328
-50618
-36848
-20018
-7013
13897
5482
23842
65152
122782
79687
-21038
-28943
16447
8287
68212
74332
18232
-20273
-33278
-12113
-2423
10582
9817
-11858
-34553
-49343
-62348
-45773
-44243
-49598
-48578
-42968
-13898
-16193
-4718
1147
-638
44242
102382
92182
7012
-66683
-13133
-24353
47557
74842
38887
-42713
-7268
-638
17212
8797
15937
-12113
-22313
-23078
-64388
-58013
-60053
-72038
-76373
-63368
-22058
-34808
-13898
-11858
-17213
-2168
94987
85552
30982
-77903
-67193
-60563
36337
75097
17212
-46283
-4718
20782
35827
25627
25372
-9053
-19508
-17723
-79178
-66173
-62603
-100343
-101618
-111563
-67193
-56228
-46283
-16448
-63623
-12113
68467
51127
7267
-61838
-84278
-91418
-4208
56737
16447
-42458
-11348
45007
38632
18742
16447
-3188
-16193
-23333
-60818
-43733
-58013
-103913
-123293
-133238
-101108
-58778
-36083
-3443
-69743
-25373
51127
21802
-3188
-73823
-115643
-116663
-49088
10327
-22313
-38378
5227
55207
71527
13132
-6758
-18233
-44753
-27668
-27158
-48068
-79943
-133748
-160268
-155168
-144203
-79178
-34808
8797
-88358
-57503
19762
12367
35062
-84023
-103148
-108503
-83513
-22313
-72293
-44498
16957
66682
55207
19507
-15428
-39398
-49853
-40928
-24863
-73823
-107738
-176333
-180668
-141653
-163583
-92948
-51893
16957
-108248
-73058
-3953
26902
51892
-74843
-89123
-114113
-97793
-61073
-93968
-57503
2932
43222
40672
13897
-13388
-45773
-43223
-51128
-37613
-72293
-103403
-185003
-161033
-109268
-149558
-78158
-61073
-8033
-112583
-91418
-19763
45517
63622
-81983
-110543
-105698
-88358
-79943
-89123
-68978
-14408
18487
50362
892
-43733
-75608
-76628
-71018
-76373
-85043
-123038
-223763
-162818
-110288
-136808
-63623
-45008
-41948
-88103
-77138
5227
71017
51127
-88613
-98048
-83258
-80708
-67193
-86573
-58013
-58268
-28178
-7013
-44753
-85553
-94478
-82238
-70253
-97538
-97028
-146243
-266603
-171233
-102128
-113348
-53933
-32768
-28688
-72038
-52913
16957
86317
28432
-129413
-123293
-84023
-99323
-78158
-84278
-100598
-116663
-103913
-52403
-73568
-95243
-121763
-109013
-120233
-143948
-125078
-195968
-312248
-185513
-114878
-110798
-48833
-42203
-38633
-59288
-33023
22057
103912
3187
-66317
-113492
-138992
-151997
-116297
-116042
-125477
-180557
-217787
-237422
-251957
-250682
-231812
-189227
-176477
-187187
-167552
-161687
-141542
-82127
-93602
-85952
-101762
-64277
-72182
-80852
-128027
-180302
-214727
-205802
10948
-53567
-97172
-139502
-100997
-107882
-106352
-125987
-154547
-187952
-213197
-217277
-203252
-155312
-135932
-135422
-125222
-127517
-114002
-72182
-72182
-87482
-105332
-94622
-87482
-75242
-121397
-175712
-201977
-186932
36703
-20672
-55862
-109412
-106352
-92837
-103037
-100742
-96407
-149957
-155822
-176222
-164747
-118337
-105077
-110432
-102782
-107372
-102017
-66062
-73712
-87737
-107117
-110432
-98702
-84677
-111452
-182342
-210902
-181577
33388
-39287
-34187
-79577
-76007
-100487
-109922
-117062
-99977
-117827
-106862
-114002
-96152
-67847
-75497
-77792
-73712
-86717
-72692
-47702
-31892
-30107
-65042
-97937
-121397
-91817
-99722
-156587
-228752
-184637
16048
-69887
-62237
-62237
-38012
-73712
-95642
-119612
-117062
-111452
-100742
-100997
-90542
-64787
-66827
-61982
-34952
-43112
-42347
-35462
-29597
-7667
-17357
-80087
-125477
-92582
-99212
-141032
-228242
-191267
3808
-88757
-82382
-65552
-44387
-52547
-64022
-82127
-92072
-100232
-95387
-107627
-91307
-44642
-76772
-70397
-34952
-38267
-17612
-25517
-13787
748
-3587
-68612
-129812
-98192
-94367
-128537
-222887
-222122
-6647
-84932
-85952
-68102
-55352
-62237
-66572
-45152
-41327
-43622
-53567
-73457
-45407
-31637
-70142
-74732
-26282
-20417
4063
-19142
-4862
22933
12223
-66572
-140267
-106607
-94112
-121907
-212432
-239207
-8177
-76262
-77537
-69887
-48212
-69122
-69122
-38267
-38012
-35462
-56627
-75752
-44132
-33422
-66572
-79322
-22967
-12257
7123
-15062
-6647
20383
16558
-58412
-134657
-120122
-102017
-119357
-199682
-247112
-26282
-77537
-75752
-43622
-32147
-46682
-75242
-48467
-36737
-32912
-57647
-80087
-50762
-36227
-75242
-89267
-42602
-5372
13753
-20927
-7922
6868
12733
-36482
-123947
-126497
-102782
-108392
-156842
-241247
-9197
-85952
-87992
-31637
-2822
-24752
-55607
-48467
-41837
-45917
-66317
-73457
-49742
-33422
-61217
-79322
-71417
3553
18343
-13532
-13277
8143
11458
-3332
-95897
-114512
-103292
-87227
-123437
-227987
-25772
-94622
-82127
-25517
-9197
-14297
-34952
-34187
-44897
-47447
-55097
-64787
-46937
-31637
-45152
-61472
-70142
13498
26248
-10727
-13787
-9707
1513
493
-63512
-96917
-92072
-96662
-101252
-183362
-77282
-116042
-85442
-7922
2278
-2822
-37247
-36482
-32912
-32912
-38267
-41582
-32402
-21692
-25772
-36227
-47957
24718
27268
-21947
-37757
-28832
-9707
-10727
-40052
-83147
-96152
-94877
-89777
-154802
-125732
-149192
-92837
-13787
-1292
-6392
-21947
-26792
-28067
-19142
-20162
-19142
-19142
-3077
1258
-16847
-45917
-16082
-15317
-34952
-32912
-31892
-2822
-7667
-7412
-60962
-88757
-107882
-101507
-150722
-154547
-162707
-120122
-21692
-24242
-15827
-16337
-12512
-22712
1003
-3077
-2057
-1292
12478
4318
-13277
-56117
-39287
-51272
-59432
-70397
-47447
-13532
-10727
-28322
-53822
-99977
-126752
-138992
-133382
-165767
-192032
-142307
-44387
-52802
-36482
-26027
-17612
-28577
-8177
2788
2788
2788
-1037
-7922
-39032
-75752
-85187
-93857
-95642
-120377
-74732
-42857
-39032
-55352
-64787
-114002
-145367
-174437
-135677
-179537
-195857
-169847
-94877
-79832
-79322
-49487
-30362
-29342
-31892
-20417
-27302
-17867
-14552
-31637
-63257
-106352
-108137
-119357
-115277
-146642
-115532
-77537
-70907
-105332
-119102
-170357
-203507
-246602
-204782
-163727
-192542
-200192
-136952
-107627
-105842
-83657
-30872
-39287
-30107
-28067
-33422
-41072
-36482
-66572
-92327
-106607
-111197
-111962
-118592
-155057
-143072
-114767
-111707
-145622
-178517
-239207
-294287
-318002
-258332
-169337
-178007
-200957
-160922
-123947
-128027
-114257
-59687
-48722
-43112
-39032
-41837
-54587
-50762
-70652
-84677
-73712
-89012
-114512
-128792
-165767
-167297
-154802
-150467
-196367
-228497
-287147
-325397
-373082
-301937
-146387
-165767
-198662
-175967
-120632
-136697
-126752
-95132
-64277
-79577
-76262
-69122
-81107
-60962
-69632
-62747
-43112
-75242
-110687
-110432
-159137
-170102
-175457
-167807
-200702
-240992
-327947
-342227
-365942
-323357
-132107
-134657
-170357
-198152
-133382
-131087
-133892
-111707
-78047
-87227
-115022
-104822
-92582
-52802
-55862
-38267
-20927
-54077
-77027
-90287
-104822
-129557
-166277
-168062
-154547
-222377
-304997
-290462
-291227
-241247
-134657
-125477
-137717
-175202
-145622
-147152
-166787
-123947
-88247
-92837
-141542
-128792
-95387
-54587
-47702
-19397
1003
-62747
-80087
-79832
-66572
-87482
-161432
-156077
-135422
-164747
-258332
-241502
-203507
-157097
-136697
-110687
-117062
-181832
-176732
-160412
-170867
-154292
-113747
-108902
-153527
-144092
-104057
-66827
-48977
-28322
-32402
-102272
-122927
-90797
-43877
-52292
-153527
-161177
-108902
-123182
-216767
-205802
-167042
-92072
-169337
-118337
-105332
-186932
-186677
-170102
-166532
-180302
-143582
-107117
-146897
-159137
-125477
-84677
-69377
-61982
-68357
-125477
-135677
-87227
-47702
-64532
-157607
-164237
-120632
-110177
-171887
-157352
-134402
-61217
-213962
-144347
-118082
-179282
-172142
-131342
-152762
-191522
-167297
-91052
-109412
-131087
-127772
-112472
-109412
-102272
-97682
-149957
-138482
-102017
-49487
-78557
-143582
-159647
-124457
-110687
-137462
-114002
-91052
-28067
-238442
-193052
-181322
-189992
-179282
-110432
-126752
-176987
-170867
-93092
-80342
-111452
-136697
-134402
-134147
-116042
-112472
-126497
-114257
-85697
-68357
-96662
-129302
-132872
-103547
-78302
-114002
-103037
-74987
-21692
-286892
-228752
-225437
-218807
-173162
-81872
-113237
-147662
-154802
-84677
-51017
-81107
-160157
-172397
-169592
-134657
-107372
-78812
-69122
-72182
-68612
-91817
-119867
-114512
-81107
-58667
-90797
-86462
-42602
-11237
-87111
-19536
14124
72264
94959
37584
-51411
609
25854
-171771
-193446
-39426
-123321
-155451
-109296
-82011
-35346
-54471
-78186
-16221
-9591
-23361
-21831
41664
126579
80169
4179
-36621
-37131
-209256
-99606
-22596
864
52629
69714
24069
-26166
-3981
11829
-170496
-146781
4179
-87876
-136581
-94761
-56511
-6531
-34071
-40191
3669
10554
11064
-9336
39624
141114
103374
24069
8769
-21576
-190386
-91956
-33816
-11631
24069
55179
864
-8061
-15711
-12906
-174321
-146271
24579
-64161
-118731
-75636
-42231
5964
-27186
-46821
30189
22794
37584
17949
73029
172734
126069
22284
-411
-20301
-179421
-120516
-58296
-6276
33249
49059
-21576
-25656
-34326
-27951
-126891
-107256
37584
-38916
-95016
-63396
-35856
15654
-21066
-34581
67164
54669
81699
34524
104904
196194
157944
34014
-14691
-35346
-179166
-97821
-38661
7239
23049
55179
-7806
-35346
-35091
-33306
-103686
-66966
60534
-14691
-57531
-23106
12594
45999
28149
-18771
70479
49059
59769
47529
106689
205629
161259
30954
-33051
-53196
-166416
-89916
-31266
12339
21519
56964
3159
-21066
-43251
-18006
-80991
-31011
75579
4689
-33051
13359
41664
68949
10299
-23361
40134
64359
71499
51099
89859
206394
156159
64104
-29481
-87111
-208236
-36366
-13161
8769
19479
56964
15144
-11376
-37131
-22851
-43761
9279
74559
23304
-8571
9789
18204
25344
99
-24636
30954
64104
65634
49059
67929
196959
159984
88074
-25401
-97311
-207471
-8316
-15966
-7806
20244
44214
25599
9789
-14946
-27696
-56511
-34836
31464
-13671
-23616
16164
6474
29934
-7296
-14946
16929
53904
69204
50844
62574
164574
157179
107199
3414
-98331
-211551
76344
44214
-6276
19989
41409
9534
20244
-11121
-13416
-42231
-41721
11574
-44781
-38406
-8061
19734
16164
-11631
-11886
13104
48039
63849
45489
51864
146724
145449
113064
31464
-58806
-205941
69969
78894
31974
41919
29424
6984
6729
10299
2394
-29736
-23616
-1431
-49881
-49881
-6021
14889
9534
-8826
-14181
-2451
41919
67674
49059
47784
134484
128109
119184
53649
-61101
-201096
42939
54924
74814
89094
59769
-15201
-6531
-2196
5454
354
-2961
-3216
-37641
-31266
-2961
12594
-5766
-4236
-10356
-9591
13614
63084
56199
35289
104394
115614
107964
56454
-26676
-121026
6729
21009
72264
92409
54924
23304
48294
34779
3669
-7041
-6021
2139
-15456
-10611
5964
1884
-32541
-10611
-38661
-19026
27384
74304
66144
38349
93684
127854
139839
72009
48039
-73341
-13161
-3726
25344
74559
55434
44214
96234
90369
21009
-7296
609
1119
1119
6219
-16986
-19026
-40956
13869
-33561
-49881
-16476
47529
64869
38859
53904
97509
145449
121989
77874
-19281
-55746
-26676
-19026
42939
45234
56709
130659
128619
49824
-9846
-10611
-12396
-4236
1374
-16986
-28971
-33816
9534
-39426
-70281
-60081
15144
67674
42429
-1686
21009
109749
141879
130149
31974
-63141
-53961
-63396
9789
32484
47784
135249
176814
94449
10044
-33561
-36366
-2706
25344
6474
-22086
-35601
6729
-47841
-96036
-116181
-21576
38094
19479
-53961
-61611
29679
132699
165849
86289
-73851
-71811
-82011
-7296
30699
36309
106434
207669
111534
23559
-51921
-36876
-4491
27129
27384
-7806
-45291
-29991
-59571
-97056
-128676
-40956
35034
-5511
-83796
-128676
-44781
85269
155394
127344
-60591
-82011
-88386
-26931
36309
16164
67419
163299
103119
25344
-12141
-1176
16929
33759
42174
-411
-57021
-39171
-53196
-77931
-97311
-20301
35034
-12141
-85836
-131991
-89661
77109
166104
152844
-90936
-86091
-57276
-79716
17694
19479
42939
105159
92919
8514
-7806
4944
22794
38094
28914
-7296
-91701
-74616
-38661
-49881
-65691
-17751
49824
12339
-71556
-107511
-79971
59259
172989
157944
-133521
-99861
-70791
-113886
-28461
15909
18204
43194
53649
2139
-18516
-7041
21519
20244
-8061
-52431
-114651
-77676
-14691
-13671
-9081
-15711
25089
13614
-47841
-66456
-77166
20754
166104
141369
-158766
-150606
-86601
-114396
-80736
-30756
-17241
-4746
-2451
-36366
-46566
-31521
-8571
-25911
-46821
-82011
-124341
-103431
-7806
9024
-6021
-44526
-42741
-27951
-78951
-54981
-77931
-27441
99549
93939
-159531
-177636
-131736
-120771
-109551
-74871
-45801
-56511
-51666
-65436
-80736
-84816
-87621
-68751
-95016
-108021
-132756
-87111
10044
22539
-23871
-69261
-91446
-96291
-111846
-81246
-63651
-70281
47019
40899
-125361
-202116
-148311
-95526
-126891
-106491
-81501
-90681
-98841
-96291
-123576
-132246
-151371
-134796
-128166
-112611
-133521
-108021
4689
21519
-48096
-96291
-140916
-133266
-126891
-107001
-67221
-81246
-25146
864
-116181
-206961
-161571
-58296
-116181
-151626
-124086
-105981
-118476
-94506
-137601
-182481
-226341
-210786
-138366
-111081
-133776
-132501
-25911
-20301
-82266
-139386
-152391
-118221
-99096
-107511
-31521
-49881
-81756
-32541
-111846
-240621
-197526
-67221
-119751
-186561
-176361
-90426
-105216
-112866
-155196
-188601
-252351
-225321
-142956
-97311
-129951
-128676
-45546
-58041
-104451
-142956
-149586
-121026
-95271
-110826
-22596
-28206
-115161
-102666
-169476
-298761
-226086
-120516
-172791
-206451
-180186
-74361
-71301
-101391
-180696
-220221
-243681
-206451
-120516
-85836
-111591
-149841
-86601
-102411
-102666
-137346
-123831
-116691
-104706
-133011
-20301
15399
-79206
-132501
-271476
-386991
-281931
-165651
-238071
-218181
-144231
-61866
-85836
-140916
-252861
-283461
-230166
-161826
-77166
-55746
-113886
-176616
-114651
-120261
-85581
-109041
-116691
-131991
-110316
-112866
-19536
79149
-51411
-139896
-117849
-133914
-210414
-232599
-206844
-236424
-256824
-248154
-263454
-199704
-192564
-237189
-242799
-239739
-238464
-258099
-238464
-247389
-234894
-196134
-174714
-154824
-232344
-175479
-184914
-281559
-285384
-286149
-400644
-422064
-129579
-91329
-190014
-217299
-186699
-214749
-245859
-237954
-279264
-219849
-209394
-257079
-267024
-254784
-252234
-260904
-241779
-262689
-247389
-193584
-151764
-150744
-214494
-148704
-159159
-237189
-245859
-262434
-357804
-405234
-154314
-90054
-166044
-197154
-159669
-161454
-170379
-223674
-266259
-229284
-223164
-260139
-264984
-259884
-261924
-255039
-215259
-260139
-259884
-159414
-98724
-122949
-214239
-129834
-137229
-196134
-223929
-222909
-285384
-361119
-164514
-82914
-130089
-141564
-106374
-111729
-136464
-202764
-230559
-234384
-250194
-274929
-243054
-228264
-248154
-239739
-179559
-217299
-239994
-117594
-47979
-92094
-168849
-155589
-122184
-173184
-202254
-178794
-242034
-319044
-179559
-99489
-138759
-156099
-105354
-71439
-107649
-172164
-214749
-228519
-252744
-263454
-210159
-163239
-216024
-220359
-143349
-169614
-217299
-108924
-23499
-74499
-142074
-137994
-99489
-157884
-172164
-160434
-188739
-298389
-140799
-108669
-136464
-174204
-89544
-55119
-86484
-148194
-193074
-229794
-263454
-247389
-179559
-157374
-197154
-208374
-128814
-162474
-208884
-104589
10671
-13299
-98469
-158139
-101274
-134424
-145134
-137739
-129324
-234384
-62004
-92859
-123459
-154314
-84699
-32934
-80874
-119379
-129069
-178794
-196644
-178284
-140544
-119379
-101784
-124224
-48744
-98469
-144624
-47469
24696
5316
-88524
-142074
-85464
-106884
-129834
-149214
-95409
-210414
17046
-42114
-65574
-77049
-66084
-9219
-88014
-113259
-76284
-99744
-78834
-48234
-17379
-35229
-44409
-51549
-2079
-32934
-104844
-40584
2766
8121
-109434
-130344
-78834
-76029
-106119
-131109
-99744
-201999
95586
31071
-31659
-25794
-39054
13221
-50784
-110709
-50019
-40584
8376
26481
45096
32091
-13554
-1824
46626
19341
-109434
-86229
-18399
27501
-98724
-97959
-59454
-56394
-77559
-105099
-111219
-191289
80541
87171
95841
51216
31326
87171
726
-60474
-45939
-40074
14241
23166
38466
49686
-9474
-8709
83346
13731
-93879
-107139
-25794
17811
-88779
-86484
-45939
-44664
-54609
-79089
-111729
-191544
23931
66771
70086
85386
104001
108336
54531
-14829
-1314
-7689
-12279
11946
19086
31581
-6924
-15849
79776
-4884
-95409
-149469
-76284
-17634
-105099
-104844
-94644
-72459
-50019
-60474
-123204
-191799
-26049
20361
21381
18066
77736
106041
104001
47901
18831
8631
2256
17046
13476
13476
2256
-27579
55296
-8964
-71184
-86229
-63024
-27069
-96429
-149214
-189249
-169359
-171399
-154569
-220359
-289464
-43134
-9984
12966
-55884
9906
81561
95076
72126
42801
24696
13986
17301
17301
4041
11946
-27069
43311
-9729
-86229
-85974
-80874
-17889
-59199
-121164
-218064
-208374
-213729
-199704
-237444
-294819
-2844
46881
26226
-89799
-26814
44331
66261
44841
34131
39741
20871
13476
17046
-6414
-6669
-40584
19341
-18909
-66849
-99999
-126009
-51549
-78834
-164004
-263199
-313434
-267279
-211944
-228774
-254274
-22224
70851
59121
-71949
-58689
-1569
27501
46116
39996
36681
24696
21891
43566
41016
16281
-15594
-10494
-35994
-62004
-73734
-124479
-65574
-67359
-146154
-278754
-316749
-283089
-224694
-226479
-212454
-42879
46116
48411
-43134
-64044
-36759
-11514
10161
54786
66771
70596
67026
44331
41781
7101
-47979
-47979
-27834
-30129
-20949
-86994
-55884
-62004
-159924
-236679
-311139
-275949
-279774
-248154
-196134
-82404
2511
25206
-41349
-65319
-31149
-7944
-10494
28776
43056
92016
85641
68811
58866
9906
-47469
-57414
-57159
-57924
-29619
-62514
-74244
-106119
-166044
-177009
-260649
-276714
-321084
-310374
-250194
-134424
-77049
-38034
-57924
-48489
-36249
-21204
-40074
-39309
-1569
11946
25971
23421
23676
-22224
-65064
-68889
-87504
-104844
-67614
-104844
-126519
-130089
-196899
-172419
-205059
-211944
-311394
-321594
-314709
-161454
-145644
-129324
-85464
-27579
-48999
-18909
-30639
-86739
-66849
-54609
-33444
-29874
-49509
-73734
-68379
-82404
-117339
-112239
-71184
-108924
-148959
-156354
-210669
-186954
-179559
-147939
-213474
-254274
-237699
-153039
-136464
-96684
-94134
-70929
-95409
-55119
-24264
-77049
-92349
-65574
-64299
-57159
-82404
-97704
-53334
-72714
-112494
-98979
-69144
-73224
-148959
-140544
-188229
-180834
-156099
-113514
-88014
-157119
-140034
-194094
-148704
-98214
-67614
-102804
-179304
-129324
-26814
-57924
-72714
-51039
-31659
-39819
-75519
-86229
-38799
-87759
-123714
-127029
-89799
-78069
-164004
-173949
-168339
-165534
-130599
-84444
-74754
-130599
-71439
-221124
-178284
-128559
-78069
-107649
-185169
-138759
-58434
-38544
-35994
-38034
-2844
-18144
-87504
-92859
-58689
-94389
-143094
-154314
-128814
-89544
-198684
-235659
-199959
-197919
-192819
-102804
-118359
-131619
-80874
-249429
-207864
-187209
-101274
-105609
-178539
-128049
-88269
-43899
-18144
-40839
-7689
-10494
-68889
-80109
-93114
-137484
-178794
-225714
-190269
-133404
-184914
-189759
-156099
-185169
-186954
-71184
-141564
-169104
-195879
-266259
-254784
-265749
-172929
-128049
-158649
-147684
-127539
-81894
-17379
-58179
-27834
-42114
-72204
-112239
-101019
-122694
-176499
-256569
-217299
-153039
-169359
-152019
-138504
-154314
-193329
-119889
-118869
-166044
-204294
-314709
-312414
-331539
-262434
-161454
-164769
-144369
-152019
-163239
-86484
-151764
-147429
-86229
-86994
-121929
-128559
-154824
-207864
-269319
-215004
-185934
-220104
-140544
-87249
-118104
-198939
-144879
-129834
-150234
-207099
-376674
-364434
-388404
-311139
-184659
-174969
-189249
-207099
-218319
-208119
-252744
-292014
-208119
-147429
-156609
-157884
-181854
-198429
-241524
-188229
-176499
-243564
-164259
-81639
-106119
-238209
-209649
-197409
-182874
-185679
-64995
-106050
-81060
-84120
-176940
-252930
-281745
-236100
-185610
-256500
-310560
-288375
-251400
-266955
-272310
-286335
-213405
-153480
-221565
-269250
-303165
-258795
-318975
-337335
-262365
-228450
-281745
-310305
-331980
-508440
-46890
-124920
-82845
-45105
-135630
-205500
-229725
-194535
-177195
-244005
-290670
-245790
-220545
-236610
-245535
-257775
-207030
-150165
-185610
-228960
-281235
-199890
-246045
-240945
-211620
-210345
-273075
-323310
-339885
-473250
-53265
-121605
-77235
-24450
-83610
-145575
-197085
-171075
-185355
-238905
-265170
-211110
-195045
-206010
-261600
-261600
-209580
-162150
-115230
-175410
-244260
-185865
-183060
-166230
-202950
-222585
-286335
-310560
-351615
-420720
-43575
-91005
-89475
-22665
-44850
-114210
-172350
-149910
-153225
-196065
-178215
-133590
-158325
-186120
-233805
-255225
-230745
-169290
-59640
-106305
-222330
-199890
-155010
-114720
-232020
-253950
-277155
-295770
-348300
-378645
-30315
-82335
-83865
-22920
-3540
-93555
-155010
-131550
-130275
-118545
-73410
-44085
-94575
-135375
-182805
-257010
-215700
-163680
-3285
-31080
-175410
-216720
-152715
-82590
-266445
-288375
-274860
-287610
-347280
-302145
-58875
-110130
-106050
-33120
9210
-73665
-148890
-140730
-121095
-52500
6915
5130
-48420
-95595
-141240
-242475
-191220
-108855
58935
32415
-141495
-253950
-182040
-63975
-273330
-318210
-263895
-274095
-350850
-286080
-84630
-150675
-149400
-58620
7425
-77235
-138690
-123390
-108600
-25470
34200
12780
-26745
-60915
-97635
-180000
-141240
-81060
81120
57915
-122115
-271035
-180255
-75705
-293220
-336060
-266445
-266700
-342690
-286080
-84885
-161895
-199635
-96105
-1755
-95595
-130275
-96870
-59385
-2775
22470
-14760
-47655
-58620
-39495
-84885
-90240
-57855
112230
108405
-85905
-246045
-165720
-80805
-270270
-324330
-269250
-279195
-356715
-326370
-76470
-133335
-195555
-95595
-1500
-115995
-123645
-56070
-15525
27060
27570
-24450
-37965
-24960
11250
2325
-69585
-47655
159660
158895
-41280
-203460
-161385
-121605
-251910
-311070
-287865
-308775
-387825
-387060
-47910
-134355
-169290
-67545
-7620
-122880
-119055
-51225
795
39045
36240
30
-7875
-1245
44655
54090
-59385
-39240
139770
153285
-35925
-163935
-152460
-145320
-219525
-292965
-306480
-357225
-420465
-439335
-47910
-129255
-136650
-28530
24000
-103755
-120840
-56070
-21900
7680
28080
14055
10485
19920
42615
59445
-72900
-69075
97950
132375
-29805
-152970
-156030
-157305
-193005
-258285
-310815
-397515
-435000
-435510
-56070
-140475
-145830
25530
81120
-91515
-178470
-112425
-72645
-32355
-1245
-990
-4305
6150
10740
33435
-81825
-90240
69390
95910
-36690
-155010
-180510
-188670
-191985
-247830
-291435
-377625
-412050
-385275
-122370
-161130
-148635
33690
112740
-75705
-224880
-152205
-106050
-78000
-47910
-31335
-31335
-19860
-12720
11505
-98910
-126450
1050
45930
-34650
-157050
-199380
-204225
-213660
-250380
-300615
-369210
-401850
-369975
-191985
-224115
-189180
7170
81120
-89475
-235590
-173625
-133080
-99930
-79275
-74940
-64230
-33630
-28020
-20625
-139200
-142005
-82080
-28275
-34395
-178725
-225645
-193260
-196575
-245790
-290160
-393690
-380940
-342945
-224370
-279450
-256245
-56580
9465
-79785
-206775
-194535
-161385
-125430
-102990
-95850
-78255
-48165
-41280
-53265
-157815
-131040
-121095
-90240
-60405
-162915
-217995
-183570
-161385
-254970
-298575
-386040
-347280
-303675
-261090
-340140
-325605
-132315
-68310
-124155
-187905
-184845
-141495
-126195
-99675
-88965
-84630
-53265
-34395
-80295
-111915
-122625
-146850
-150675
-111660
-174390
-228960
-196575
-171585
-265170
-311070
-336315
-327135
-305970
-258795
-363090
-352890
-212385
-147105
-142005
-203460
-210090
-149910
-122370
-94065
-81060
-86670
-76980
-84885
-111915
-127215
-146850
-171840
-179490
-157560
-205245
-236355
-221310
-182040
-274605
-334530
-308010
-330195
-334275
-257775
-355695
-321270
-268230
-196065
-157815
-227175
-259305
-198105
-137160
-115230
-114975
-130785
-132825
-143025
-139710
-162660
-200400
-231765
-247575
-237375
-247575
-254205
-251400
-194025
-278685
-334530
-348045
-345240
-309030
-271800
-307755
-271800
-274860
-225900
-176175
-222840
-284550
-226155
-135885
-126705
-142260
-161130
-179490
-185865
-193770
-241710
-251145
-270525
-302400
-280725
-246045
-257265
-261090
-188670
-275115
-338610
-354930
-311070
-262110
-287865
-290160
-296790
-304695
-261345
-191220
-192495
-260325
-252420
-141495
-157815
-161130
-179235
-225135
-227430
-264150
-304185
-282510
-308010
-324585
-284295
-239925
-229980
-260070
-208815
-267210
-338865
-365385
-283275
-233295
-316935
-285825
-303420
-342435
-309285
-223350
-167505
-253440
-291180
-179235
-197340
-223350
-238140
-286335
-281490
-326625
-330960
-292965
-326370
-344730
-310305
-215700
-196830
-230745
-200400
-246045
-321015
-324840
-258285
-206265
-375330
-336315
-341415
-364620
-337080
-299595
-211875
-267720
-367170
-271035
-283020
-313620
-304440
-331470
-337080
-383745
-362070
-318465
-351870
-358500
-290415
-188415
-189180
-214935
-161640
-147105
-204735
-234060
-159345
-135120
-429645
-411285
-391905
-375840
-337080
-335295
-245025
-273075
-406950
-347280
-367425
-377115
-369975
-365385
-357735
-413070
-384000
-338610
-354675
-321270
-250890
-120585
-194535
-216210
-123645
-59640
-125685
-202695
-131040
-86925
-489060
-449535
-433470
-400065
-361305
-344220
-273840
-278430
-399810
-371760
-386040
-381450
-395730
-385785
-384000
-442395
-435255
-373290
-349320
-285315
-175920
-80550
-177450
-199635
-97380
-40005
-90240
-210090
-130275
-80040
-565050
-535215
-482175
-401340
-403890
-385275
-300105
-290925
-388845
-378900
-386550
-375330
-415110
-398280
-411030
-481410
-459990
-399555
-368445
-254970
-131805
-50715
-145830
-188160
-105030
-36945
-58620
-206775
-128745
-72390
-607125
-578055
-523485
-430410
-442650
-408225
-343710
-308520
-342690
-379410
-365895
-310050
-377625
-411030
-435510
-501555
-495690
-436785
-373035
-217995
-120330
-63465
-152970
-191730
-147360
-43575
-44850
-198105
-120840
-44340
-12382
20258
54173
-59557
-67717
-196492
-147277
-57007
-138862
-117697
-91942
-71287
-100612
-83272
-46297
-60832
-71797
-97297
-16972
7508
-70777
-83782
-114382
-98062
-91432
-199807
-359947
-391057
-399727
-453277
-20032
92933
56978
-86842
-72817
-117187
-85822
-45022
-103927
-59557
-27427
-48592
-68737
-20542
-12637
-43237
-47827
-62872
11333
21023
-8557
-28192
-120502
-103927
-82507
-212302
-370912
-378307
-376522
-473677
6488
158978
39383
-75367
-39412
-85567
-49357
-67207
-78427
-34822
-22582
-77917
-89137
-20797
-12892
-16462
-1162
-44002
-3967
8273
30458
-8557
-143962
-151102
-113107
-220207
-360457
-376777
-376777
-526972
31223
151073
-15442
-74347
-11617
-89392
-27172
-52672
-40687
623
-23347
-89647
-109537
-33292
-14932
15158
28163
-29722
-36862
3938
44993
-19777
-180937
-183742
-156457
-209497
-329602
-340822
-374992
-506317
58253
124553
-35842
-61597
2663
-98572
-23602
-17227
10568
20513
-27682
-95512
-89137
-14422
19238
48818
63353
-30742
-82507
-30997
12353
-35077
-212047
-167932
-163087
-208987
-298747
-326032
-342097
-457867
66158
82988
-37372
-53182
-23092
-82762
-397
26633
47288
10568
-33292
-71032
-34567
35048
26378
56468
56468
-45532
-119482
-49102
2663
-47062
-199552
-137587
-189097
-221482
-281662
-341077
-346942
-437722
81713
56723
-30487
-46807
-47062
-48082
27908
49583
66668
26633
-26917
-67462
-25132
20003
12098
51623
65138
-32782
-101887
-26917
22553
-25642
-158242
-138097
-224032
-232192
-263812
-337762
-348472
-429307
91658
29693
-22582
-52417
-60832
-14932
54938
58508
60803
18983
-15952
-39922
-652
28163
16688
29183
36833
-32272
-74092
-16972
42698
-16207
-115402
-135802
-238057
-242137
-243922
-336997
-345667
-409672
50348
24083
-7282
-45532
-62362
12863
56213
53408
38873
7508
-33292
-56497
-15442
3173
-20797
-6007
13373
-28447
-37117
-652
41678
-2437
-71032
-138097
-259732
-248512
-244942
-319147
-332407
-422167
40403
2918
-37117
-66952
-42727
47798
32753
20768
21533
1388
-31507
-41452
-10087
-652
-30742
-32527
-2437
-397
2153
19748
46778
14393
-49357
-124327
-262027
-240352
-261517
-317872
-326032
-409162
30713
5213
-68992
-114127
-37627
49838
-1162
-24112
-8557
-8047
-34312
-41962
-15697
-6262
-24112
-26152
-11872
13373
34028
20768
34028
6743
-40177
-129427
-228877
-233722
-273247
-299512
-292882
-373717
32498
878
-73582
-104947
-27682
-2947
-57517
-71032
-54712
-28702
-25387
-32782
-17227
-16717
-19267
-27172
11843
44483
53153
29948
21788
3428
-28957
-116422
-197767
-220462
-273757
-284722
-292117
-331132
20003
-3202
-86077
-92452
-21562
-1927
-70267
-101122
-93727
-48337
-19522
-11107
-11107
-18247
-8557
-7792
28928
81713
68963
33263
25613
34538
-11872
-98827
-178387
-189352
-259222
-276052
-284467
-339802
-6772
-21307
-77917
-81232
-24367
-16462
-71287
-93217
-116167
-58537
-10087
2153
-2182
-8812
6233
23573
75338
104153
48563
42443
21278
26888
-11872
-66697
-165382
-167932
-220717
-239332
-254122
-353827
-3457
-45787
-88117
-93472
-37372
-31507
-51907
-98317
-143707
-90157
-13657
23573
-1927
-4222
25613
58253
76868
90893
48308
56213
-1927
30713
14393
-29722
-105202
-121012
-186037
-219187
-278857
-389272
3428
-47572
-69757
-114382
-68992
-71542
-57772
-73072
-122287
-90922
-32272
15668
-11107
-11362
31988
73298
79928
74573
61058
47288
-35332
-6772
-5752
-27682
-72817
-92197
-156712
-240862
-356377
-397942
10823
-21307
-54457
-113617
-109537
-89647
-34822
-35332
-83527
-89902
-56242
-7027
368
-11107
21533
55448
63098
58763
53663
22808
-40177
-46807
-61087
-28192
-65932
-80977
-158242
-259477
-408397
-359437
9548
15158
-47317
-104947
-131977
-94492
-25897
-25387
-81232
-112597
-76132
-15442
-10852
-21817
-652
27908
17453
56213
41678
23063
-27937
-60322
-97807
-46297
-74857
-87607
-191902
-343117
-423697
-303847
6488
35048
-46042
-101377
-125857
-92197
-27172
-17992
-65932
-82507
-98572
-44257
-25642
-35332
-29722
-25387
26888
86813
20003
-142
-29467
-62872
-85567
-57007
-90667
-118717
-213322
-370402
-317617
-192412
11078
-4987
-84802
-114892
-98062
-77407
-42727
-24367
-40942
-48592
-97552
-76387
-49102
-45532
-30997
-28957
64628
63863
-14677
-31507
-32782
-85057
-77917
-53437
-85057
-146767
-216892
-340567
-240352
-110557
16178
-53947
-114637
-109537
-70777
-76897
-75877
-29467
-11107
-49867
-138607
-129427
-63637
-45277
2153
18983
63863
4448
-47827
-49612
-63382
-106987
-41962
-62362
-90157
-190117
-203377
-279112
-185272
-83272
-9577
-88117
-126367
-100612
-34822
-74857
-111067
-28957
-7537
-78937
-171502
-156457
-72817
-39412
35048
44228
30458
-62362
-72307
-66952
-90667
-105967
-42727
-57772
-147532
-207967
-172267
-139372
-97552
-71797
-70522
-111832
-107242
-80722
-22072
-59812
-98827
-32782
-12127
-79447
-180682
-159007
-65932
-29722
49328
48563
-52417
-117697
-68737
-73072
-111577
-128152
-63382
-96532
-207712
-232192
-173797
-81232
-54967
-80212
-92707
-127132
-95257
-44767
-11107
-43747
-85057
-69247
-40432
-83017
-132232
-124837
-74857
-2692
62588
16178
-103927
-112342
-59302
-91432
-128662
-137077
-107752
-177622
-270697
-248002
-186037
-67972
-67717
-81487
-141412
-164362
-115402
-45532
368
-20542
-88627
-77662
-88372
-58792
-114637
-114127
-79702
-397
47288
-28702
-96787
-117187
-58282
-101377
-136312
-142942
-147022
-223522
-281407
-221227
-178387
-63892
-65677
-51142
-185527
-181702
-149317
-33547
7508
-15952
-95257
-93982
-119992
-53692
-89647
-110557
-72562
6998
29693
-23347
-100612
-124327
-49867
-98317
-146257
-160792
-186037
-237547
-245452
-177877
-138097
-20797
-55987
-33292
-209921
-262196
-359861
-323651
-311921
-360626
-379496
-415706
-523316
-526121
-521531
-555191
-583241
-589871
-578396
-510056
-477671
-446306
-428456
-308096
-225731
-366491
-358331
-106901
-75026
-261176
-398876
-388676
-337931
-364451
-178556
-226496
-368531
-323906
-304781
-347111
-347111
-373631
-437381
-490166
-495776
-524081
-549836
-559271
-536576
-466961
-388931
-307841
-369041
-211196
-115316
-274946
-276476
-38561
14734
-209666
-374396
-352721
-267296
-302996
-136991
-209666
-350936
-319316
-282341
-330281
-344051
-363431
-377966
-424121
-432026
-452171
-470531
-498071
-490421
-435341
-321101
-261431
-279791
-101546
-34226
-187991
-185696
21874
88684
-179831
-342521
-319826
-265001
-239246
-120926
-247151
-349406
-263726
-218846
-257351
-314216
-378476
-365726
-327221
-335891
-344816
-348641
-401681
-418766
-359351
-288971
-213746
-222416
-13061
39214
-66356
-113531
38194
113929
-147956
-323141
-323651
-317021
-231086
-69161
-285656
-362411
-245621
-136481
-167591
-245366
-338441
-354506
-302996
-300446
-265001
-241031
-287696
-305291
-257861
-192836
-154331
-145916
72874
65734
-48506
-71711
68029
137389
-118631
-314726
-316256
-275456
-176771
-51821
-296876
-355016
-204821
-103076
-103076
-177281
-258881
-249701
-251741
-234911
-186206
-135461
-149231
-198956
-174731
-141836
-151016
-123221
99904
94039
964
-57176
56809
104749
-117866
-276731
-295856
-248426
-209156
1984
-286676
-329006
-168611
-35756
-48251
-166316
-194876
-147446
-132911
-96701
-82166
-27851
-34991
-97976
-135461
-118376
-111491
-42896
130504
89704
8614
-39836
11164
56809
-113786
-221651
-250976
-221906
-197936
19069
-250976
-287951
-140051
5554
2494
-101291
-129851
-75281
-76811
-47231
-44426
-17906
4024
-19436
-86246
-70946
-43661
36664
138154
87154
13459
-34736
-26066
1729
-115571
-169631
-210431
-208391
-204566
14734
-176771
-227771
-97721
65479
60124
-59726
-77066
-36521
-26066
-4391
-23006
-15866
20089
-8981
-49781
-37031
25954
127699
147079
63949
23659
-2861
-57176
-28361
-98996
-125516
-161471
-174476
-229046
-33716
-170141
-218081
-71201
125659
107044
-41621
-50291
-6686
1474
7339
22639
25954
42274
23914
-24536
-25301
87919
174109
160084
69559
39724
18049
-36776
-51566
-29891
-60746
-104096
-161216
-282596
-28616
-219611
-252761
-51821
145549
93529
-69671
-58196
-7706
964
6064
39469
37429
42274
45589
-3116
-20966
125659
188134
125914
53239
-6176
-7451
-56156
-44681
4024
-61001
-111491
-151781
-300191
-84971
-237206
-271376
-55901
84604
62164
-66611
-44171
-1586
-12041
454
30289
29524
40489
55024
-4391
21109
127954
145804
71089
37684
-56921
-45956
-87776
-36776
-33716
-74771
-98486
-151271
-313706
-103841
-273671
-295856
-93386
34879
30289
-66611
-53861
-20201
-8981
4279
18304
18304
35389
37939
-23006
29779
59614
71344
34114
-55901
-149741
-146171
-172181
-167081
-165551
-172691
-117356
-227261
-357566
-116336
-291011
-258626
-103586
-11276
30289
-30911
-27596
-36521
-13061
-5666
12184
19324
42784
19069
7849
35389
-2096
-14591
-33206
-117356
-187991
-203036
-289226
-331046
-345326
-259391
-193346
-300446
-365981
-114551
-306056
-235931
-115061
-58706
15244
-15101
10909
-43661
-45446
-20201
-3881
22384
32329
46609
40999
35134
-56921
-84206
-98741
-181616
-210941
-255056
-360626
-448856
-419276
-325691
-196406
-292541
-353486
-162746
-310646
-226496
-136736
-74261
-1076
-28616
65734
-19436
-77066
-31166
6064
28249
22129
72874
59869
-40601
-121436
-183401
-136736
-205841
-265766
-323651
-423356
-493481
-475631
-382811
-233636
-329771
-322886
-178811
-327476
-256076
-142601
-88541
-39071
-33461
64204
11164
-61511
-28361
13459
22894
14479
42274
3514
-95426
-183656
-223181
-164276
-234146
-321101
-377201
-464156
-508016
-480221
-407036
-275711
-347366
-300446
-219866
-325181
-215276
-146171
-112766
-92621
-46721
-821
-52586
-123731
-59216
-24026
-34991
-50291
-48251
-58451
-146171
-232106
-249446
-165806
-251231
-347621
-416216
-477926
-524846
-492461
-424376
-319061
-403976
-361901
-204056
-269846
-182126
-169376
-124241
-151781
-124241
-122711
-144131
-148976
-124751
-121946
-132911
-153821
-179831
-165806
-221906
-309116
-238481
-199211
-301721
-373121
-442481
-536831
-543206
-502406
-457271
-396836
-445796
-420041
-169376
-214511
-221396
-166571
-85481
-183401
-204821
-205841
-233126
-229556
-225731
-239246
-253016
-270356
-295346
-247151
-317276
-354761
-242561
-249701
-336656
-361901
-469766
-553916
-534536
-498581
-439421
-371846
-412391
-393521
-127301
-182636
-261941
-174986
-97211
-257096
-247151
-273416
-248171
-276476
-315236
-358586
-388421
-375416
-401681
-381791
-400406
-404486
-260921
-254546
-320591
-338186
-415451
-510311
-471041
-440441
-311156
-281576
-359606
-411116
-117101
-152036
-268316
-164531
-148721
-330536
-305036
-298406
-269591
-310391
-346346
-456251
-468746
-452681
-481751
-501386
-495776
-433046
-265001
-276476
-303251
-282086
-352721
-430496
-438401
-407036
-257606
-256331
-344306
-369551
-177791
-173456
-220121
-157901
-201761
-356291
-368531
-342011
-281321
-322886
-400916
-506996
-482261
-453191
-514901
-559526
-515411
-416471
-300446
-287186
-256076
-232361
-311156
-371591
-394541
-353486
-227261
-207881
-321611
-358076
-339716
-277496
-220631
-130616
-232616
-331556
-406781
-363431
-337676
-350171
-414686
-525611
-493226
-490931
-528161
-568961
-553406
-440186
-325946
-298406
-236951
-199721
-305291
-389186
-398366
-326966
-203036
-188246
-321866
-341501
-498836
-459821
-293816
-181361
-241286
-317531
-400406
-346091
-368531
-383576
-456506
-520766
-490166
-475886
-474866
-533771
-569981
-453701
-348641
-318041
-241541
-207881
-312941
-412646
-383831
-263216
-173456
-178301
-297896
-334616
-610526
-630161
-407291
-250976
-319061
-347366
-363176
-346091
-389696
-398111
-484046
-528161
-496796
-480476
-437381
-502661
-560291
-465176
-348131
-311921
-247661
-255566
-336401
-393011
-319061
-190796
-144641
-151526
-251996
-290756
-12161
-13946
-24656
-45056
-23381
-19556
-68771
-103706
-119261
-93761
-122321
-143231
-99626
-91976
-127931
-149096
-122831
-112631
-100391
-64181
-62651
-76421
-85601
-66221
-86111
-82796
-153941
-159551
-187346
-197291
-6296
-8336
-19046
-18536
-4001
-16241
-50921
-75656
-88406
-67496
-108551
-126146
-90701
-73361
-113141
-126656
-104216
-89681
-71066
-55001
-55511
-47096
-66221
-55001
-61886
-70556
-133541
-167201
-178421
-198311
13339
11809
5944
844
-5276
-17006
-49646
-45566
-59846
-53726
-92486
-109061
-76676
-61631
-101666
-113906
-82286
-75146
-44036
-46586
-42761
-32561
-50666
-52196
-36896
-60611
-121811
-171536
-166436
-208766
30934
41389
33229
20224
1609
-11141
-52961
-37916
-46331
-47606
-69281
-84581
-49136
-50411
-96056
-95546
-74126
-66476
-42251
-57551
-41231
-14711
-28991
-33326
-11906
-28736
-94016
-146801
-150881
-217436
15889
35014
48274
40114
589
-15986
-51176
-27461
-31796
-38171
-50921
-59591
-36386
-47351
-83561
-98096
-73106
-69536
-40466
-48881
-31031
3649
-17261
-32561
-3236
3394
-55001
-118241
-149351
-247271
-176
27619
50569
57199
17164
-7826
-54746
-35111
-31541
-28736
-26951
-37916
-20066
-23126
-65711
-82541
-63416
-54236
-24146
-41486
-34091
2629
-13436
-39446
-686
28129
-35621
-98861
-121811
-241661
-12416
18184
39604
51844
28129
8749
-38171
-31286
-36641
-34601
-20831
-23381
-4766
15889
-19301
-41486
-45311
-30266
-24401
-43016
-29246
-3491
-10121
-29756
4669
55414
-21851
-87896
-102431
-221771
-30521
6964
23539
22519
26089
16144
-23126
-19301
-27461
-16751
-14456
-25166
-5021
15124
-7826
-24656
-21086
-23126
-32816
-44036
-32816
-6806
-12416
-15986
8494
79129
4159
-73106
-100646
-200606
-45311
6454
9004
-1961
11809
21499
-9866
-15986
-26951
-17771
-22616
-33836
-16241
7219
-2216
-10121
-19046
-32306
-49391
-52706
-47606
-21596
-22106
-23636
11554
83974
48784
-49646
-96311
-165416
-24401
24814
21244
-7316
-12416
21499
6964
-10631
-30011
-26951
-25676
-30776
-16241
-2471
1099
79
-13946
-35366
-57806
-64436
-58061
-34091
-33326
-45056
-3236
63064
62809
-39956
-90446
-134561
-3746
64084
41389
-16751
-30266
10279
41134
9259
-18536
-19301
-15986
-21596
-12926
-6551
-1961
5944
-3746
-36896
-65711
-70301
-56786
-31031
-40466
-44291
-14456
31699
49294
-37406
-86876
-99371
13594
84229
51844
-24656
-31796
5434
52864
24559
-9611
-18791
-9611
-13436
-8336
-14966
-10886
3649
-686
-32306
-72596
-61886
-49901
-27716
-48881
-59336
-31796
589
9769
-35366
-62906
-87896
15889
96979
83464
-11906
-20321
-5786
50059
41134
79
-14966
-8081
-15476
-15476
-23381
-18791
-8081
-17261
-60611
-102941
-71831
-47096
-22106
-50411
-61121
-36131
-21086
-13181
-29246
-28226
-81011
-15221
80149
90604
844
-2471
334
56689
49294
19969
6964
2119
-13436
-6041
-19301
-35876
-11396
-14966
-79991
-121046
-97586
-55001
-37406
-59081
-62651
-32051
-25166
7984
-3746
1354
-79481
-79736
9259
51334
6964
11299
1099
61789
53119
19459
4414
7219
-2471
5434
-19811
-34856
-29756
-56786
-106511
-125891
-114926
-84836
-43271
-63161
-76931
-39956
-37916
32974
37309
32719
-57296
-149606
-61376
-5786
-27206
17419
13339
63574
48784
11299
-17006
-18026
-4001
3649
-15221
-35876
-60101
-109826
-133541
-143486
-130226
-116201
-55001
-56786
-83816
-77186
-56276
37564
63829
42409
-54491
-163121
-104981
-53726
-56276
2884
24049
38584
43939
10024
-30266
-31541
-23126
-25676
-34856
-50666
-92996
-137621
-157511
-172811
-159296
-135071
-77696
-74126
-100391
-116201
-93761
1609
53119
66889
-53981
-203921
-135071
-82031
-82031
-15986
30424
-4001
5434
10789
-9866
-15221
-11906
-24146
-46586
-84071
-127931
-158786
-170006
-198821
-166691
-148331
-100646
-116201
-130736
-137111
-131501
-74636
33739
36799
-61376
-258746
-191681
-145526
-85346
-11906
44194
-17006
-50921
-24911
16654
17164
17164
-6296
-46586
-110081
-152666
-156236
-180461
-214886
-177401
-135581
-97331
-143231
-154196
-144761
-146546
-117731
-31796
-21086
-123086
-317141
-255176
-209531
-130226
-51431
48019
-8081
-80501
-59336
16909
44959
30424
14104
-54746
-114671
-145781
-165416
-197036
-224576
-183011
-124616
-72341
-114671
-130226
-110591
-126656
-124871
-56276
-40976
-117731
-366356
-321221
-261296
-187856
-99881
-12161
-43016
-96821
-110336
-21341
24814
-686
-9611
-59081
-128186
-146546
-177146
-227636
-252626
-205961
-142721
-79736
-84326
-96311
-86876
-95546
-83816
-18536
-55511
-115946
-389306
-358706
-294701
-206981
-143996
-83306
-100901
-88406
-164906
-101156
-23126
-36641
-35876
-70046
-124106
-150881
-196271
-263081
-254156
-195761
-145526
-87131
-58571
-78971
-82286
-100901
-66476
12574
-38171
-96566
-437246
-424751
-327341
-247271
-185051
-121556
-138386
-117731
-157256
-154196
-90446
-96821
-96566
-103961
-134816
-169496
-218201
-270221
-232736
-162611
-142466
-112121
-94781
-113141
-121556
-136856
-96821
34759
844
-34856
-480341
-475751
-357941
-293171
-239366
-169751
-138896
-128186
-158531
-150116
-133031
-139406
-160571
-157766
-179186
-198056
-228911
-267161
-233756
-163121
-136346
-154451
-116966
-125381
-140426
-152666
-132776
-431
17674
-8081
-530066
-516551
-400016
-353861
-293171
-234011
-186326
-143996
-182246
-178166
-153686
-163376
-205961
-207746
-244976
-220751
-230696
-257471
-206726
-174851
-149861
-156236
-129971
-114671
-128186
-149861
-149351
-45821
-29756
-3236
-598916
-534656
-454841
-427301
-345446
-274556
-241151
-202646
-196016
-203921
-198056
-197036
-238091
-274046
-337286
-256451
-237071
-257471
-198056
-162356
-195251
-160571
-142721
-122576
-122321
-147821
-138641
-77951
-73871
-8081
