216
-91
70
245
370
362
139
385
294
-92
-268
-260
-37
-30
346
-211
-103
-429
341
88
-65
15
180
94
-152
402
-58
311
19
-328
62
-205
-189
-105
-93
-183
-195
-129
-43
27
35
-103
229
-110
-129
88
-99
-16
246
-145
46
-342
45
-79
-231
70
305
-52
-18
70
-58
-97
-147
114
-106
7
-149
312
47
-288
37
19
-14
-204
143
-21
-213
212
149
266
-20
296
-406
-173
77
342
61
-67
84
46
10
201
108
-40
273
-87
93
-68
98
104
106
-100
-235
233
-228
91
19
-125
-40
-319
-55
-290
137
-29
-66
324
309
112
151
80
167
92
-174
249
-12
-6
72
-195
