-17443
-15065
-789
-17409
1351
9906
-17933
-2060
-25446
13605
-6694
5967
-11711
3904
-6256
-3332
1708
-25503
-7638
9231
-4323
-17076
-12083
-839
-16255
-5977
-9694
-8194
-15488
-6411
7370
-6972
-11317
2323
-27914
-2151
8134
-13267
24026
-10357
-19573
11230
-23654
-15560
-11259
27378
-9270
-17779
8363
4620
-22630
611
-6962
-6831
-8271
3828
-24185
-3042
-12164
-14255
27931
3148
15594
-9692
13231
12747
-9007
-14524
-11518
2770
4055
13373
-1828
-8955
-14612
-13197
-5984
6098
-6045
-16192
-12276
6372
-11373
-6471
-16173
4479
-250
-20516
-10397
-17780
-24348
-7763
-291
3421
-23880
17602
9941
-3463
-3234
20503
-5151
13776
-28163
19867
7366
14703
22215
-12260
18743
450
-14050
-15877
11272
-12532
-3812
-11715
21191
12216
-18165
13698
-23157
-3815
-9738
-209
1816
-7562
31274
-8309
