-41
13
6
37
-25
59
37
-30
41
-17
-13
-40
-26
-32
45
-57
11
10
14
-47
1
-78
-61
-46
17
8
-43
75
8
92
-127
-76
-38
-92
64
125
60
48
-127
-47
-23
-5
-63
35
12
-57
20
-42
-9
53
39
40
-5
24
-96
127
19
55
32
-3
2
7
31
-21
-19
-20
25
-39
127
-53
-13
-11
18
-17
-6
-69
15
22
34
62
-87
36
-5
-2
30
-12
-33
39
0
6
-97
0
-71
-53
57
14
-27
89
67
79
70
-73
-40
-9
87
-82
-93
-104
-37
-85
52
-71
-52
-34
32
-51
-41
-24
-77
-54
-127
24
89
68
-36
-44
66
-5
-9
-4
39
-23
-7
-37
0
24
-78
1
-28
13
50
6
41
-56
-22
-57
-20
-63
-8
-19
-11
-30
7
19
-127
-5
-36
15
18
-4
-8
-3
99
-37
5
-54
-5
102
-15
65
10
-11
-10
-6
-32
-72
-86
-74
-52
-56
-7
53
-40
-45
-26
46
-58
-127
-9
-77
-27
47
-37
16
15
-74
5
34
-79
38
-30
20
-81
-82
-53
7
-91
36
6
-127
-47
-112
32
41
78
72
4
85
29
-34
-83
83
38
-4
-12
11
70
13
65
-68
-58
4
-15
-33
-27
29
-40
42
-96
-92
-124
-51
68
-22
-2
-127
-55
-10
-34
43
-39
-67
39
37
-59
34
-59
13
22
-24
32
-11
-82
5
-10
65
-32
-30
-42
-73
93
-93
-79
6
-127
58
88
-13
-22
-109
-9
20
49
-15
-64
-2
19
-94
45
39
111
-84
61
-47
-29
-50
-99
-30
83
11
22
-24
-73
-31
40
-43
73
32
35
20
47
-1
-127
-40
47
52
21
40
-8
58
10
21
32
60
-33
-38
-11
34
1
-30
-19
10
-13
36
38
-18
27
80
-19
18
-6
-12
-11
-22
-11
127
33
-14
-42
32
14
26
54
22
21
30
127
48
6
-9
-22
45
27
-18
-41
-57
-69
23
-31
37
-19
24
-6
-41
-4
57
75
50
-28
22
22
-25
-4
-11
5
49
70
17
37
52
17
14
15
31
-21
4
9
72
62
3
-35
-18
-29
-61
95
-47
-68
59
27
-26
-77
-59
-127
26
-15
-27
81
-22
77
-31
96
100
-16
32
-82
31
-8
86
-20
-12
-90
102
-40
-27
-12
5
15
-37
70
20
-47
-49
47
-104
-127
-10
-11
43
-39
-37
-10
113
87
-30
-77
31
-3
-47
-69
-127
-59
-1
67
34
-9
-71
25
-41
-43
-36
-113
27
-64
49
37
-2
-26
-38
-58
-36
-38
43
49
50
48
-12
35
7
33
-5
6
123
49
44
113
-31
-6
-27
21
26
67
-108
-91
-28
-6
-17
8
95
31
49
-127
-55
38
20
-3
36
7
37
-9
10
-27
6
60
-13
34
0
4
3
-36
-9
-4
-12
12
30
-8
1
17
49
-22
5
9
29
-30
-127
-44
59
58
41
110
91
18
2
10
65
-12
-74
50
101
20
41
44
41
5
-14
88
57
-105
65
82
-35
73
99
-88
75
26
-127
-35
-4
-69
20
17
-67
-64
-11
-31
-47
-91
38
-57
-31
60
-93
-75
-125
-104
96
27
14
-41
-78
11
81
-37
-47
-38
127
43
-64
27
8
-18
111
-28
-52
87
4
-79
-36
-20
-9
-4
-67
-36
14
4
18
-23
-39
44
-78
16
6
-61
127
-36
38
5
-31
-12
-27
29
47
-5
84
92
-77
10
-23
50
50
-10
0
-75
-122
73
-127
22
-15
27
-12
6
11
-71
-52
42
80
25
-28
-7
90
36
-24
-34
68
-16
33
-29
111
-6
-32
52
7
-31
-17
25
-60
-127
-82
-76
-102
-11
121
66
1
85
-72
23
11
66
-78
-26
36
36
29
-64
27
77
-64
-4
-17
18
52
-105
82
6
-41
-19
42
91
-55
-32
13
-127
-19
25
52
-43
-81
-94
16
41
-27
20
47
-63
-37
-65
-47
-22
52
-22
12
24
-7
36
-34
71
-18
7
-19
-70
-42
6
7
-97
-1
127
42
-6
63
-77
5
26
-29
-112
18
-9
27
69
-77
-31
40
10
-44
-39
22
-54
108
45
-102
73
54
81
-96
-55
-49
41
82
30
-52
43
40
-76
127
32
48
-57
66
-1
-7
-110
-18
-35
-29
43
33
-2
10
2
-2
-20
90
9
-93
18
-64
-127
-37
-97
-3
-84
-35
-31
16
-89
24
-39
36
58
45
13
-110
12
-36
7
64
26
30
-127
1
25
-15
-15
60
-35
-11
28
-12
1
42
-56
-23
-32
79
60
-6
-16
28
-6
68
-40
46
-65
-14
-12
44
82
24
-27
-39
-49
7
35
-35
17
-45
-75
51
6
-2
-42
30
18
-35
-27
34
-100
5
-20
-40
-26
-24
-127
-2
-32
-28
-127
-49
61
-63
50
-33
-8
23
30
-29
-1
-18
34
8
16
108
-1
12
18
-69
-17
-22
42
-63
-9
49
65
35
19
-15
-7
-66
45
90
42
50
40
-4
-61
60
-88
91
-54
63
-7
-21
1
-13
52
67
-20
26
3
70
48
18
-35
2
30
127
-127
24
55
-49
-40
95
-70
-37
27
-70
1
43
-83
8
28
-27
38
4
-5
84
-127
31
-5
0
20
43
-36
29
-39
-12
28
4
-34
31
-7
-20
52
48
33
13
-86
64
74
50
-36
-44
-116
120
-109
69
-19
63
22
29
68
-54
4
36
-13
-79
9
127
-27
-20
39
87
3
59
18
18
-19
47
26
13
24
35
-34
-17
-127
47
12
75
69
1
12
2
9
-47
-44
0
55
-5
8
76
45
-50
-6
-12
73
-23
13
4
-6
-33
5
75
-42
55
-64
29
51
39
67
-41
-66
-53
-15
3
0
7
127
-5
44
-30
-16
72
24
-28
13
13
-29
-62
4
-127
87
-24
14
43
26
15
38
43
-88
-2
-17
33
58
-12
-67
14
-16
28
73
-27
32
-18
14
23
-1
23
-32
-6
-36
53
-79
-39
4
105
55
15
-127
94
60
40
57
98
-22
24
-97
-121
72
-72
41
-37
-11
-22
74
82
-31
107
-73
43
51
56
44
-24
33
-10
82
-47
55
65
2
-11
-12
2
63
65
-1
-70
-29
-66
69
40
0
-44
127
33
-20
0
23
70
-48
-27
10
-29
22
-48
50
-80
46
12
-28
4
-62
31
10
83
8
-42
-14
127
35
-104
50
-89
79
60
37
10
9
20
-48
-12
-4
72
-8
10
-40
-30
13
-46
29
127
-3
44
-2
46
-40
-57
-45
99
35
-62
-22
81
55
0
-8
-19
15
74
-46
-8
-39
8
-58
-95
77
-3
-17
-55
38
-25
39
-25
39
-31
-120
94
17
59
-91
37
26
-8
-3
-97
-42
-19
-54
-127
5
13
41
-5
-4
84
58
-9
33
-3
35
6
13
-7
57
104
-46
79
-20
15
16
94
-1
-47
117
60
-97
-40
-127
-99
-58
19
-24
-6
43
31
-81
-82
104
23
10
14
-33
-116
-38
-15
-21
90
127
18
-26
61
-97
42
34
92
21
-19
-49
21
22
-40
-51
66
51
-61
-8
-31
-48
-19
7
6
-51
2
32
36
-50
35
49
32
50
93
-104
-3
-107
-88
4
-70
-94
-3
-2
41
-50
-13
-62
28
61
-71
118
-68
-115
-31
-44
127
-70
-10
-41
17
-53
78
20
-3
73
33
-52
27
-48
-124
16
24
57
17
-8
-104
-122
124
55
-78
57
56
-1
-54
33
127
-34
1
-51
57
5
82
-95
69
57
63
23
-60
42
44
101
16
51
98
-47
87
9
-127
-81
17
82
44
39
3
101
24
-79
52
-78
-26
0
38
-109
-99
82
-30
28
-85
80
-122
29
42
-66
58
-66
20
-55
-17
-36
29
-8
-53
10
53
-4
89
-122
29
-85
77
59
-127
11
90
-61
-18
-38
58
21
32
74
-6
-24
9
-1
-52
-47
32
-9
25
50
-24
53
-17
33
-27
10
-63
-102
-25
-95
45
127
110
-36
2
2
40
-104
-31
31
-49
38
79
-86
21
-81
31
10
-15
-48
-33
88
-127
37
70
47
105
-20
-33
42
72
3
40
-47
13
-51
-83
26
86
-47
27
-8
-21
-78
77
53
50
27
-67
-34
36
14
-95
-5
16
23
34
-34
75
-56
-30
-2
-108
-127
80
-11
-66
-51
-36
-51
-17
31
80
81
1
25
90
-127
126
3
10
0
40
67
-32
23
-19
70
-14
-59
-73
14
-21
-90
53
-86
42
80
-4
-108
55
-52
43
-127
6
25
59
-3
54
-42
85
-3
-23
-35
8
-31
-38
-14
-21
-34
4
54
-40
-16
18
44
-29
-50
-8
-30
84
25
31
35
-44
11
11
15
-20
117
6
-30
39
-24
91
10
-29
127
95
63
10
66
61
-36
-38
-45
108
-66
24
9
72
76
88
-54
-31
-17
-122
-55
41
38
-35
-30
-6
-48
127
7
39
-116
-74
-2
7
-43
-24
29
29
-49
-9
-8
-1
9
58
-58
69
-37
7
0
45
37
-6
-93
-40
43
38
127
-23
-63
41
77
54
-39
8
-13
-28
12
-50
97
-110
-30
77
57
-38
103
-13
-35
-53
10
8
-20
38
-21
9
47
65
54
-18
47
67
-82
106
-10
-3
-9
-11
-51
-27
-41
70
23
-7
51
18
36
-85
-34
42
-18
59
75
90
-127
30
5
-37
-29
-3
37
0
41
-38
-7
12
63
31
-9
20
-43
-111
127
120
14
-46
49
23
-54
0
-44
-88
8
55
-20
-54
-42
-63
-11
-60
-43
-31
74
13
-32
52
-25
13
-105
6
-25
-44
-40
0
4
-127
-25
33
42
-28
-9
39
28
-21
-37
-7
50
-62
-19
9
-45
-62
37
23
57
25
31
7
-1
26
-59
-46
29
-39
2
-87
-45
0
4
-63
7
66
-14
-6
-6
-35
0
12
14
109
-127
85
54
6
57
-18
102
6
49
-38
-41
-4
44
120
-9
63
63
-73
-23
-57
-58
-21
6
-127
15
-54
63
-54
25
93
78
-39
-49
-3
-76
-12
107
-46
107
-67
57
-6
-114
19
12
13
-19
-105
-92
11
28
-11
-99
-87
-18
55
110
43
97
-65
28
84
58
-108
3
15
-127
-18
-29
-18
-1
1
74
-49
10
121
-24
-7
35
121
47
-74
-22
47
-26
2
126
22
41
6
-122
24
-127
-7
-63
38
-48
84
-120
51
9
-39
-29
-59
76
127
20
59
23
59
-5
69
24
69
-46
-101
99
-36
-28
5
100
-21
72
-83
-38
5
-96
-31
-16
17
-14
-12
53
9
121
37
127
-61
-43
30
-68
8
12
74
107
-6
3
-33
-32
-3
-96
17
-54
46
58
1
-63
9
39
-34
4
84
-106
10
-26
-50
50
-40
56
-77
37
57
-127
-12
-109
-41
-59
24
-6
-32
-7
-125
-53
-82
80
58
-35
-70
52
89
30
68
15
49
-4
74
9
84
-16
29
5
56
3
127
-49
-49
-7
27
-6
-17
-9
-38
4
-24
-12
-23
18
-22
-12
38
-27
51
-6
-40
30
-23
7
40
6
-56
-47
-11
65
35
-19
76
36
73
6
69
-76
-71
-37
-26
61
127
-74
-35
13
-41
-55
-64
-100
115
-81
17
58
-37
44
17
-88
64
37
41
28
-46
-123
43
-12
127
71
-34
96
-75
50
19
29
-17
47
-31
2
-53
83
-55
19
36
-28
-50
-43
64
23
39
4
-69
-24
2
20
-95
-67
-1
0
34
-84
-80
48
-33
30
-26
-127
-61
120
40
-55
-57
-29
-93
1
82
-22
-69
-119
25
4
41
67
65
127
-84
57
97
48
32
-41
-51
5
13
-41
0
13
14
-121
45
-24
-94
54
7
-18
-62
77
-20
-47
-24
-75
-22
-24
-61
7
57
127
6
-30
46
-61
67
24
37
-10
51
47
43
41
75
7
-37
27
50
-14
26
35
-23
-42
34
-84
-23
-5
-25
-40
-22
6
-17
-4
22
40
-1
-8
36
4
-17
-16
21
-4
50
30
32
-17
-20
-21
2
39
-73
-31
-18
-11
23
-19
-5
34
42
-127
-9
63
46
-10
25
-4
11
-18
24
25
-23
9
-3
3
25
76
0
59
-66
-21
-42
43
2
34
32
-27
24
-31
-5
14
-51
-116
-127
-37
-7
11
76
6
-21
-1
85
-19
-68
-18
-75
93
-69
-35
-41
5
-22
88
6
90
-53
28
-2
35
116
-86
14
-59
127
-97
-47
11
32
-21
26
22
-57
34
4
-18
91
-65
56
-20
18
20
-5
-18
-20
-41
-93
127
2
37
13
22
83
39
-43
0
89
-35
-1
-78
-13
26
19
11
37
-1
-29
-127
27
25
9
-28
-36
43
0
15
3
10
-34
-22
23
61
-9
-39
17
-33
25
-54
17
-1
-15
-30
-31
59
-45
-15
19
-53
17
28
-64
-21
36
-36
37
44
22
48
-13
2
-3
74
-5
-40
-127
-50
28
21
52
-14
50
11
37
26
-40
1
127
9
8
-11
1
-3
2
-28
88
-13
48
42
38
-31
31
14
50
20
-22
42
-58
-40
6
-7
-2
-1
-43
16
26
-55
107
62
-118
-12
-104
-20
-50
15
1
-44
-65
106
-32
-2
-62
55
-47
23
41
15
28
33
-76
-127
40
4
72
-14
-53
-32
-33
-44
23
32
60
32
39
-32
-56
-12
15
-30
37
24
-79
-67
11
-32
1
-50
-24
1
9
-8
-2
-23
18
-46
127
-47
-10
-40
-16
-105
-61
127
-46
-23
-33
-127
-57
-82
36
-63
78
-13
0
-52
-53
17
42
32
11
68
-10
-54
-8
65
48
31
42
-33
-76
-110
-22
-86
92
79
-4
-67
27
-77
12
-127
-40
-8
15
35
-68
-19
-104
70
30
73
24
30
70
41
28
97
28
46
-24
-57
42
-11
-111
-13
53
7
-34
-50
7
-48
-40
37
-36
-3
38
127
6
-71
-90
14
43
-15
12
69
-56
-52
-20
-9
-28
-48
-33
-66
23
-35
-62
21
-64
14
56
57
23
74
42
28
77
-98
87
88
-34
64
24
-17
-58
40
-31
28
93
31
-62
20
64
-1
127
-86
11
-38
11
59
-52
63
-96
127
61
-13
39
35
56
-3
27
-73
8
19
-40
41
10
8
10
109
-56
9
-22
24
7
-112
28
-21
68
13
-39
-96
-72
75
20
12
10
17
-15
13
81
-127
-115
84
-123
-58
-14
91
16
83
-28
21
-76
-66
-43
-86
54
3
82
61
95
-58
-11
-127
53
46
-9
73
-49
-74
22
-93
18
54
-6
25
35
-65
-52
27
20
12
3
-31
-66
-26
-83
-21
15
-70
-12
-30
2
-84
-47
-58
4
33
54
-45
-36
-44
56
15
37
-37
26
49
-76
19
20
23
61
25
-68
62
19
-36
-61
13
-13
-18
-127
5
1
43
-34
-127
78
52
-62
4
63
51
-53
39
-79
-45
73
-49
51
43
-34
3
15
58
36
-85
13
27
89
-79
84
57
66
-84
-82
7
29
-10
5
43
-37
-42
-12
31
-2
-56
-61
75
30
-1
61
-64
-119
-127
23
23
-79
33
77
4
-35
-24
83
-17
36
-40
37
-50
66
-58
-32
4
-44
-31
2
-7
-2
-58
-20
8
49
60
70
3
-72
-127
-44
80
16
51
-44
-9
-3
-59
33
30
53
37
-2
33
18
45
-78
-10
-69
53
-20
-52
-19
53
-64
-62
-15
-51
85
29
59
-111
74
87
-85
127
-36
85
62
-21
38
-42
-52
-28
97
11
-108
-77
-79
68
21
9
1
-127
90
-71
-6
57
-37
-1
15
-21
61
-50
-103
-37
-35
-10
-107
-15
45
23
29
35
-101
37
41
21
-3
-68
82
-34
0
30
-50
-22
33
4
13
-29
31
-50
-27
56
17
-90
-97
-10
127
13
8
40
-48
-54
15
-10
52
5
-62
-10
-6
19
-30
14
-36
127
10
-11
45
-24
26
13
-48
17
3
-8
-78
2
-9
12
30
2
-10
14
30
-16
-22
-20
30
16
22
-31
-46
-50
-13
43
1
-4
24
18
6
-66
32
-33
-48
-24
-30
-13
42
-28
-24
11
-127
75
-96
0
-19
-63
35
6
59
-22
20
29
-66
-81
92
20
17
7
-10
110
127
9
-66
11
-1
56
-90
-114
-11
55
-7
76
31
49
-44
-13
63
-10
32
13
47
-61
31
-115
-45
14
15
20
-4
16
2
-101
127
-24
-8
-3
-11
12
33
7
-25
-16
30
-30
41
-27
-16
-29
20
-85
-2
-17
-15
19
-19
-16
-23
18
12
7
-5
17
-23
71
-9
-33
40
4
-29
25
39
-2
28
-6
-7
-18
-15
-3
-24
34
-65
-127
17
48
-17
9
56
40
26
22
33
90
-13
64
94
59
-11
66
64
67
-29
-9
-120
8
-62
-104
-90
-12
-69
14
41
-8
-1
-127
-29
-32
-4
25
-48
-13
-45
-28
-34
19
-2
96
-44
-75
92
-17
20
11
14
18
8
-82
17
0
15
-44
49
32
24
-58
-15
0
0
40
10
12
-88
-127
-31
-91
65
-54
-59
-50
4
-127
44
15
-9
1
72
-20
7
42
16
-53
37
53
37
36
-29
16
-9
-21
31
-34
25
27
32
-117
-38
17
74
61
18
19
-13
30
44
-46
-51
17
124
-30
30
-24
18
-41
-8
21
-48
-66
54
-40
-55
70
64
-127
-7
20
40
-1
9
7
14
93
57
78
21
-42
35
5
91
-9
-40
15
-2
47
-66
-27
91
57
-17
-19
-6
74
-54
50
43
44
27
-127
-70
-11
-5
-45
-80
-7
26
-16
-80
39
96
76
-75
-43
117
60
3
-105
-53
-17
-83
-127
38
-41
0
-73
-25
59
79
-55
49
-42
-18
-13
-66
-22
52
19
-33
30
-18
-15
127
13
-34
25
21
-6
6
34
-4
-8
-28
-6
-18
-3
-4
29
22
16
34
-17
19
-17
5
-46
52
-6
79
-8
63
-6
15
-34
114
-36
-17
52
-71
53
-91
-3
-1
-54
-66
-28
-26
127
12
4
31
-58
53
-42
4
11
-76
-65
-91
41
-6
118
65
-12
-53
-95
86
3
-17
-39
43
59
-64
-2
-60
38
-92
32
12
9
47
-96
1
38
-5
-127
-72
79
88
-16
-37
-51
2
-31
84
9
-25
65
46
16
-27
52
-67
-23
70
29
-6
-1
19
14
-35
127
-111
-41
-38
60
18
35
47
19
-6
-39
-7
61
-41
11
112
-1
30
17
-2
-29
67
-9
43
34
36
-84
27
58
-61
22
-13
-11
78
-105
127
-59
-54
-15
-4
-50
-61
29
-69
21
-13
76
47
27
9
78
127
-3
-19
-32
16
75
-13
16
-3
-29
-62
-30
6
40
1
28
-24
22
30
-17
78
-58
-39
7
25
-13
37
30
35
2
-3
-105
71
16
60
21
37
42
-24
27
6
-127
62
21
-92
42
-25
-33
-47
-38
76
-40
46
-66
-24
23
68
20
79
53
12
51
49
-91
-7
30
-2
26
-82
53
92
-35
-18
-56
-40
-4
-36
1
72
11
24
25
42
-30
127
12
85
14
-14
-14
44
91
-12
1
-98
-74
7
-14
-9
68
48
6
-40
-46
-77
-26
-38
-26
17
44
-80
4
20
-33
53
28
-80
106
20
-35
-127
-28
22
-9
-20
27
48
-119
18
33
48
-97
35
-73
126
22
-115
80
-127
-1
43
-14
-35
-12
-33
-39
107
82
75
76
-10
-126
75
-20
-15
-12
127
-2
1
30
-44
11
33
15
-16
23
2
-114
23
23
11
-16
44
-19
-53
72
-40
-90
65
40
6
16
33
1
-4
-44
-5
-53
-38
-34
50
19
33
-70
22
-46
-2
-32
66
42
-127
-26
-37
53
86
-55
-26
-66
-53
-23
-28
-12
-53
27
36
20
-113
-1
-1
-48
7
113
-36
-7
17
-20
-123
-2
-51
33
-41
-43
-59
-9
63
2
-91
34
38
-127
4
-96
-59
-39
-13
-48
-21
5
53
51
44
13
15
59
-48
-44
13
-32
-63
-22
2
3
-2
10
-43
62
31
-19
17
21
-41
-10
4
-22
13
-2
46
-48
48
-127
-62
-60
-38
89
36
-53
-9
23
17
-27
18
21
22
-127
-29
-13
-80
-50
-2
-35
48
14
16
-48
-7
0
16
53
-76
-9
73
-6
-38
-5
58
108
121
2
-91
-52
-88
-111
-61
62
54
-2
67
-8
33
53
-25
-81
67
-39
-100
3
-78
-12
91
-11
5
13
-127
-26
-26
-104
-46
40
117
42
10
-36
27
-9
44
-15
6
-72
33
101
27
-30
-2
-22
-54
46
-39
-112
44
36
-66
-50
-11
-127
-16
6
-66
35
-81
18
77
-42
15
23
41
18
41
-38
10
-71
-11
-39
24
-27
-38
-79
19
51
25
97
17
-88
100
-127
87
-64
0
-100
-62
-37
86
64
-3
34
113
0
-18
-59
14
0
-46
127
-25
90
71
-77
-43
42
59
6
28
29
-81
-59
-25
-38
-35
34
76
-42
11
-51
61
-7
61
74
-63
-49
-84
8
49
35
47
-46
12
-5
-64
43
-35
127
-4
-113
-105
-62
-43
-73
-10
59
-52
-38
-26
-53
-79
-65
30
117
9
127
-33
-52
-2
23
-45
-21
6
-27
-43
49
76
20
-55
-3
18
-15
2
5
-31
6
35
-61
-37
-35
-14
13
22
81
3
55
27
-63
17
-50
-30
5
38
-21
45
127
87
-23
52
-119
36
21
75
13
-107
-14
-75
-68
55
14
-79
-40
-26
21
-43
111
127
26
40
-19
-34
17
-43
-30
-35
-13
-12
104
-118
104
-24
95
-105
-34
-38
-71
-31
5
114
-77
-18
-43
-113
-31
62
-28
-41
-72
-50
127
-51
44
36
63
4
49
-1
80
59
3
-4
-6
-26
-6
-24
34
-8
-26
10
7
-10
-14
30
-20
-61
70
96
34
-68
