947763456
688430592
713729152
689596864
1126551808
887349056
588166592
834668480
706183488
760371904
1119041664
1062543616
872737344
632532800
761865280
763366720
1206881024
653098944
631034624
740240512
643086400
631567424
796067840
754312256
704987840
800453248
1071657536
894793856
903505280
781541248
790995072
552812928
842460480
876576576
792140416
621278720
819575488
838511104
708012032
853261184
505124032
832755200
649731264
659619712
620144640
648473280
785245568
652034496
709587136
723292032
1029375488
728430592
951903872
759914624
885948032
718735296
900874176
978579584
796126016
650217472
631724480
681608128
733592384
661421440
899325056
651845440
706712512
589595584
663691072
919635456
1261828352
823568640
750629312
884815872
1185899392
725053056
903482368
768553984
985924416
770496128
676426432
990598080
856254464
736230464
558071744
791153536
870729536
527548800
699593152
881949632
614879424
768164160
959345664
1150278784
1049189952
610626048
1014347776
793107584
680790272
772953344
874824000
726455168
826271808
687789440
1267942016
704415232
731361408
766525248
599803712
1027023296
815129856
783797760
627740544
618130880
632594688
827984576
681644864
1054598784
724655040
483947456
698139904
680286272
737368704
639221632
803303168
637443136
591095616
820148160
