74
65
75
79
85
84
60
52
54
58
64
69
67
48
69
62
69
63
58
62
59
57
53
64
53
48
59
70
71
70
69
61
64
55
58
57
57
55
60
43
64
78
77
77
79
83
70
48
52
57
58
63
61
67
71
65
65
60
55
55
56
58
57
61
60
64
66
69
63
67
64
60
61
55
55
58
58
54
57
44
63
72
78
85
87
90
72
66
59
61
67
65
65
71
76
74
66
57
59
66
61
75
102
116
111
94
107
119
113
97
89
106
109
93
69
63
59
56
48
46
61
73
81
92
101
91
80
74
63
59
70
67
70
61
72
74
71
64
63
66
61
79
107
123
117
96
111
124
117
101
92
110
113
97
72
70
60
60
49
47
53
64
71
89
94
82
72
72
56
62
53
50
69
68
72
67
58
64
56
61
60
56
76
89
82
66
81
84
80
79
69
69
80
67
62
64
61
56
48
48
46
61
70
78
76
73
67
52
61
60
52
53
58
66
73
62
60
59
58
56
58
52
63
74
67
70
69
71
71
67
60
60
63
60
61
56
57
54
53
45
53
68
75
78
74
63
67
57
59
58
41
53
61
65
66
63
56
57
57
51
50
55
59
62
58
61
65
67
69
64
61
57
58
55
59
61
55
49
45
41
69
69
69
66
70
65
60
52
52
55
50
47
62
70
59
58
55
56
47
59
57
54
64
64
59
61
58
59
66
63
56
50
52
57
60
62
57
54
44
40
67
66
73
76
75
66
58
41
55
53
53
58
59
66
57
54
47
48
57
58
57
59
58
54
49
54
58
64
62
60
62
56
55
58
57
55
54
52
53
47
56
66
66
72
73
81
69
31
49
53
44
57
57
66
49
55
53
49
56
60
50
58
53
53
63
64
56
64
64
60
64
58
59
59
58
56
60
52
55
44
52
71
70
81
82
81
76
55
50
51
47
56
54
63
59
66
58
57
51
52
43
51
56
62
61
61
52
60
62
64
61
58
65
62
57
58
57
53
49
42
45
62
73
74
83
76
74
53
49
52
53
59
60
63
62
63
59
57
57
55
54
59
60
60
60
60
62
53
64
64
59
57
60
60
59
53
56
56
50
42
50
48
66
70
66
78
73
49
56
44
43
60
55
65
60
65
57
47
45
56
51
55
57
52
62
62
62
62
61
62
61
55
53
57
59
56
55
57
51
44
66
66
74
68
73
74
70
53
58
56
60
67
59
64
58
62
54
48
43
58
55
52
53
56
57
60
55
60
59
63
62
60
57
58
58
52
59
54
50
44
61
59
72
67
74
78
61
39
55
61
63
64
58
61
57
53
55
50
52
58
55
54
56
56
63
51
58
57
58
61
60
59
59
56
57
57
53
57
51
46
48
53
58
67
62
66
58
51
59
48
46
57
49
45
56
48
56
50
47
57
57
53
51
53
56
45
51
59
51
57
57
59
58
52
46
51
53
56
47
46
71
73
75
69
70
64
66
61
59
55
47
57
62
65
65
53
54
48
46
46
53
51
48
54
54
58
61
58
61
60
67
65
57
56
57
56
52
54
53
48
64
60
65
64
72
59
56
56
58
56
49
55
58
68
64
57
63
53
51
56
51
48
50
57
62
55
53
52
58
66
64
60
56
57
59
60
59
52
50
47
50
63
61
65
71
65
67
57
61
49
49
60
58
63
58
52
55
54
54
58
60
44
48
50
57
54
58
58
57
58
56
55
49
49
58
57
52
54
45
46
52
64
62
68
67
67
66
53
53
53
49
61
59
57
41
44
46
56
62
54
48
38
45
55
57
56
57
57
59
58
51
57
52
54
55
56
49
54
50
46
52
57
64
64
69
63
48
44
43
52
46
54
56
58
50
39
36
54
54
53
50
45
36
55
59
58
54
54
57
55
47
55
48
46
51
58
57
55
52
46
64
65
61
63
58
60
54
49
46
49
53
53
53
54
56
58
42
56
58
58
50
49
52
52
54
61
50
53
59
62
60
54
60
54
55
57
56
55
51
50
63
58
55
69
73
81
74
52
54
52
53
51
57
50
54
47
51
58
59
59
57
58
53
59
58
57
52
59
57
61
60
57
56
47
50
55
51
55
53
46
55
44
57
69
78
82
73
51
48
43
55
62
65
60
53
43
55
54
52
55
51
53
51
54
51
47
52
52
52
56
61
61
62
54
57
58
58
53
53
43
54
56
67
69
69
72
68
46
58
57
53
64
60
51
45
49
44
47
53
51
52
51
53
51
57
48
52
59
53
60
62
62
63
59
55
58
57
52
50
45
60
51
63
79
82
81
61
41
44
46
51
67
60
62
56
60
59
52
60
50
55
56
61
56
51
58
60
60
60
57
65
61
59
62
55
58
53
55
55
50
59
68
68
76
76
74
64
54
63
50
57
58
57
53
58
65
54
49
60
53
54
56
58
59
57
56
61
56
59
62
64
60
62
59
59
58
56
51
48
46
61
65
69
61
51
60
57
50
57
53
54
59
56
53
57
60
54
49
55
54
51
48
56
57
61
60
58
57
59
58
55
52
59
59
55
61
62
50
43
44
55
66
77
73
70
58
62
57
59
59
59
58
59
70
65
54
42
52
54
60
54
58
58
49
54
51
63
58
64
59
53
61
65
56
53
61
60
52
46
44
69
78
84
85
84
80
85
69
50
59
61
64
57
61
62
54
51
60
54
60
53
55
60
60
61
54
63
62
65
63
61
63
66
62
60
65
69
61
50
48
59
83
96
110
104
93
82
69
60
62
60
62
61
61
55
53
62
56
58
53
57
52
59
62
64
58
63
68
71
67
64
63
62
67
66
77
74
62
56
45
104
130
154
166
168
159
142
134
132
114
98
96
85
75
72
66
66
65
62
64
66
71
92
124
129
117
116
121
118
87
90
92
75
63
67
81
85
69
63
49
117
131
167
179
187
188
170
157
148
129
122
119
100
81
90
77
76
71
68
69
73
89
112
146
152
139
136
142
137
109
113
118
99
65
71
90
95
79
66
53
127
140
166
181
185
186
179
177
148
137
133
125
106
104
96
78
78
78
73
78
81
101
123
147
153
149
146
154
147
125
128
136
114
70
82
95
108
89
69
53
127
141
171
185
174
162
184
186
142
140
138
126
113
114
107
89
74
74
75
79
93
115
135
155
164
155
154
159
155
137
140
142
122
75
87
105
118
98
74
51
120
133
172
186
177
164
188
191
146
142
141
118
121
107
115
100
80
75
81
81
106
124
141
158
170
163
162
166
159
145
146
149
128
76
90
121
119
96
75
54
110
128
173
186
176
162
193
197
154
145
139
123
129
113
125
104
99
90
91
101
122
137
149
162
175
168
168
171
158
146
151
154
133
83
86
129
130
113
76
56
111
134
172
184
173
158
200
203
160
156
147
139
145
135
145
126
126
117
116
123
140
149
160
174
186
175
173
174
162
150
153
156
125
90
96
126
139
124
82
60
107
127
169
177
162
166
204
203
157
169
159
153
155
153
157
141
141
139
136
139
148
162
169
185
190
179
182
175
161
150
157
154
126
103
108
125
138
125
89
62
103
113
164
170
158
171
203
197
162
180
165
162
158
164
162
150
145
149
146
149
155
170
180
189
187
186
184
173
163
156
158
152
120
109
108
125
139
127
90
62
107
114
162
165
148
172
198
186
168
189
176
167
158
171
167
158
151
154
152
157
165
177
192
187
181
187
184
175
159
157
161
153
123
134
129
135
141
131
94
75
95
106
163
168
150
172
195
182
170
191
180
179
171
179
172
165
156
160
155
165
176
188
197
183
177
185
182
174
160
156
160
153
124
140
133
133
138
132
101
77
98
108
164
167
147
174
192
176
164
175
174
192
178
183
171
170
163
164
156
171
186
193
196
185
179
183
178
170
161
155
157
148
124
140
131
128
140
129
97
73
106
114
163
163
141
176
188
161
160
167
184
202
185
184
171
175
170
167
160
177
195
196
191
185
182
185
178
167
160
157
153
147
121
136
131
129
137
122
90
72
105
121
165
163
141
179
187
159
156
155
196
208
189
189
181
180
175
169
171
180
200
198
192
187
185
187
181
168
159
155
153
145
117
134
133
131
138
117
82
69
101
132
168
166
145
180
184
140
162
161
199
205
191
193
187
183
175
172
176
185
201
195
188
187
183
186
179
165
158
155
150
143
115
135
134
134
134
112
87
70
109
131
169
166
146
182
186
147
167
165
197
197
193
194
190
184
175
172
178
189
203
193
187
185
177
182
175
163
156
158
149
141
112
134
135
132
135
107
93
74
114
135
171
168
147
182
185
147
161
157
195
194
195
194
192
184
178
173
183
194
203
188
185
183
179
185
176
160
159
154
147
138
109
131
136
130
131
102
95
75
108
137
171
167
149
181
181
143
164
161
195
192
196
193
193
183
177
175
185
196
205
179
184
178
178
184
174
156
155
147
144
135
112
130
134
128
123
101
97
73
103
136
171
167
147
181
182
147
166
163
197
194
194
190
191
180
175
178
185
195
205
179
183
174
170
175
169
150
146
143
143
134
108
124
134
133
123
106
101
73
105
130
170
168
148
180
183
143
162
160
194
191
189
189
186
178
175
174
180
189
198
177
171
160
159
173
165
147
134
135
134
123
99
116
128
129
120
97
97
77
109
125
167
166
146
177
184
152
155
152
187
188
175
180
175
172
165
160
161
169
183
173
164
152
155
159
155
135
133
125
121
111
89
108
118
123
116
111
116
86
106
130
157
163
150
169
176
158
139
140
176
181
160
162
154
155
142
157
154
154
168
161
149
150
154
156
150
129
135
124
111
102
98
98
108
116
114
110
114
87
98
127
153
167
162
147
142
143
135
146
161
152
163
155
148
144
137
151
147
151
160
151
153
152
147
155
149
128
131
118
111
107
130
119
101
116
123
103
107
90
103
117
151
158
153
149
153
134
138
140
162
162
159
156
154
147
131
142
142
152
164
157
158
150
144
152
147
123
123
111
104
110
134
125
97
112
117
102
97
79
85
120
135
131
131
155
159
128
129
140
166
164
142
147
145
139
135
134
142
150
162
153
150
142
140
150
148
126
120
107
110
128
132
124
116
135
139
127
120
88
90
104
128
139
134
154
157
131
124
128
161
160
134
139
144
139
140
137
132
141
154
152
155
139
138
149
152
138
130
123
139
148
158
149
148
154
159
156
153
116
90
103
120
117
125
151
156
130
114
122
156
155
143
136
128
129
129
132
134
138
140
145
146
137
134
149
147
146
135
133
144
150
160
157
157
165
169
169
169
139
89
99
114
117
114
142
145
123
123
120
142
142
138
141
130
132
114
117
125
132
129
144
130
138
134
145
139
140
135
132
140
154
166
162
161
169
180
177
173
152
86
87
114
116
106
136
139
113
122
117
136
141
138
134
138
136
128
122
122
128
133
129
128
141
139
139
136
141
142
133
134
147
159
159
164
171
186
187
185
160
90
104
116
106
117
134
135
123
125
121
143
147
136
138
134
129
128
121
121
128
142
136
140
137
139
138
138
131
133
134
136
145
151
159
166
165
180
184
184
158
89
99
112
113
116
126
135
117
115
115
136
145
132
144
145
134
121
119
128
131
141
136
141
141
138
136
137
134
133
139
131
139
150
151
155
163
170
175
178
158
81
89
99
101
111
123
126
106
105
103
139
146
138
145
145
142
122
127
126
133
138
135
127
133
134
141
144
136
140
136
129
137
140
151
154
164
169
170
169
151
79
78
86
97
98
101
105
105
109
108
133
138
133
134
143
142
128
124
120
126
140
140
135
136
136
149
146
140
136
140
137
140
147
149
151
160
167
166
167
152
81
93
103
96
87
86
95
91
96
111
129
132
127
145
144
129
129
135
128
123
134
142
142
141
144
144
139
138
135
140
138
144
154
148
153
162
173
167
171
155
82
90
102
94
94
99
103
101
85
105
133
134
123
133
136
129
128
137
131
131
138
140
138
136
146
147
142
143
137
130
134
145
152
149
152
165
174
170
172
154
79
96
98
104
97
103
106
102
96
107
140
146
132
131
137
136
133
133
126
132
142
136
140
132
135
141
135
129
134
132
134
147
152
154
154
163
170
171
169
150
88
90
98
104
103
100
110
114
106
114
128
132
131
140
147
133
124
115
119
128
137
136
135
133
128
132
136
137
134
131
137
141
145
151
151
158
170
174
172
159
75
90
93
85
89
95
114
111
101
109
116
133
134
142
138
121
125
123
113
117
127
143
139
130
133
143
139
138
123
135
131
143
147
148
148
161
172
171
168
153
78
98
104
88
92
100
100
99
107
107
115
125
134
147
152
138
128
128
116
128
130
141
139
136
140
135
133
132
126
135
138
147
150
154
150
164
175
175
175
154
86
102
107
98
101
104
100
102
107
106
126
132
125
141
145
142
132
124
116
126
131
143
141
135
142
137
132
135
137
135
136
149
150
154
156
170
179
178
177
156
71
81
90
89
104
108
103
111
116
106
127
137
131
146
145
139
131
118
109
127
126
145
138
136
144
146
135
134
144
143
142
151
158
161
161
173
182
181
179
165
71
76
96
95
95
91
99
100
113
107
127
127
123
121
131
125
113
107
110
121
130
139
136
141
140
149
143
136
136
142
137
151
164
164
170
187
189
184
187
170
82
76
94
100
106
102
97
101
94
96
117
120
124
124
136
130
124
107
110
113
128
140
143
142
137
137
146
150
143
144
138
155
163
160
171
187
190
184
187
171
80
95
107
103
93
92
97
97
86
101
107
104
120
127
132
123
117
113
110
112
130
142
141
139
137
139
145
148
140
144
138
146
162
159
166
181
181
173
171
152
90
103
104
100
111
107
111
109
106
106
110
112
114
114
122
126
114
110
115
134
148
152
141
140
144
146
146
149
141
125
128
146
163
164
162
176
170
167
165
145
85
96
93
100
106
110
118
110
112
103
107
119
128
139
142
138
131
126
128
143
161
161
150
148
141
158
157
151
141
124
128
143
164
159
158
173
167
164
160
136
76
95
95
98
107
111
116
108
116
110
119
125
128
148
153
145
133
130
132
139
156
161
154
152
139
147
147
138
128
121
138
154
156
147
158
170
162
153
145
132
91
106
110
110
108
105
110
113
109
113
127
129
130
137
145
142
124
123
130
137
149
148
137
142
140
130
137
132
127
125
134
149
154
144
157
160
156
148
138
128
102
117
118
101
108
108
104
103
105
108
114
106
107
124
127
123
110
104
108
116
127
133
131
122
119
121
123
121
120
113
120
145
141
129
143
150
143
136
135
117
87
104
111
99
107
104
99
91
89
93
100
99
96
120
116
113
98
99
104
106
124
127
125
120
116
114
115
118
109
102
112
121
125
123
128
142
137
124
124
110
78
92
100
100
109
107
94
95
84
89
95
84
99
105
105
110
93
92
99
104
116
115
122
120
108
112
108
108
94
91
107
119
121
119
124
136
133
123
120
110
86
88
90
104
108
97
89
81
72
75
79
86
90
94
103
103
95
90
88
99
111
116
113
113
102
99
94
96
90
87
89
112
119
111
120
130
130
119
120
101
82
100
103
89
97
101
107
89
76
76
76
83
76
95
92
88
81
74
82
100
104
114
106
102
97
93
91
95
87
89
85
101
110
102
113
120
115
107
110
86
83
99
100
96
97
101
107
89
77
77
79
84
80
84
82
85
78
78
81
86
100
106
88
87
89
87
83
88
90
82
84
90
97
93
107
115
100
94
97
77
82
84
98
90
90
88
87
79
78
76
72
81
79
84
87
83
80
84
87
85
88
99
88
82
83
90
79
77
81
82
79
80
93
88
96
110
97
84
90
72
78
93
98
83
78
87
97
79
64
60
59
76
70
87
82
84
82
76
69
75
84
92
83
83
85
80
80
78
82
84
82
78
87
83
87
95
90
88
83
67
78
91
88
76
81
88
89
73
72
81
78
76
62
73
70
75
71
73
73
76
82
84
73
76
81
73
82
75
77
77
78
79
77
74
84
89
83
84
78
65
76
83
87
86
90
91
73
74
67
75
72
70
79
72
69
71
80
73
81
84
76
84
74
79
81
77
80
78
77
77
79
81
82
80
85
88
82
78
74
62
78
85
87
85
68
87
93
76
61
62
63
68
78
77
73
75
82
75
69
64
75
80
77
75
73
76
79
78
74
75
75
78
80
75
81
84
79
75
74
61
66
86
84
84
83
91
98
82
59
64
59
78
76
77
70
72
69
66
67
63
73
73
73
77
78
79
72
83
83
79
80
75
77
72
79
83
77
68
67
55
73
86
84
75
75
90
86
75
69
62
62
68
67
76
67
69
68
73
75
67
70
72
74
75
75
77
75
78
79
77
78
73
75
75
73
75
73
71
65
48
79
92
90
76
75
95
98
72
65
59
71
75
76
76
79
73
70
79
80
72
72
68
69
77
77
74
77
80
84
79
76
81
75
76
76
77
73
66
63
52
109
120
118
102
87
98
102
84
82
79
75
78
90
83
85
90
89
92
93
82
81
81
78
89
86
84
78
74
82
80
80
81
78
83
83
83
73
67
61
51
119
125
120
101
94
88
89
87
84
80
72
85
87
84
78
77
79
79
81
74
77
77
77
81
76
81
84
73
84
77
79
72
79
78
76
77
75
67
61
51
105
105
95
85
79
77
83
62
67
73
73
77
81
78
75
76
76
76
66
58
65
68
71
70
81
79
82
76
76
67
68
73
77
79
80
74
70
68
59
53
74
94
96
84
79
88
93
71
69
66
70
82
80
77
80
68
71
70
67
61
63
70
65
72
78
77
80
74
73
77
66
72
71
76
75
73
70
65
62
47
72
76
92
88
86
83
88
69
64
69
67
66
76
74
73
69
71
73
74
71
61
71
64
80
74
73
76
76
72
81
69
72
63
66
69
69
64
68
64
47
73
88
94
100
105
112
117
121
122
120
115
108
108
119
127
131
130
122
112
127
133
136
137
139
144
145
143
144
144
138
141
140
129
130
141
136
126
130
121
96
95
114
125
129
138
143
146
158
162
159
151
142
143
152
164
165
166
161
154
160
165
166
166
166
172
175
168
172
175
165
170
170
164
161
172
165
153
158
149
122
111
125
122
117
134
142
132
156
159
155
145
141
138
143
160
157
159
157
152
152
155
155
154
153
162
165
154
161
166
156
163
163
161
154
162
155
145
147
139
112
