0
0
0
0
0
0
0
0
0
0
0
0
0
0
0
0
0
0
0
0
0
0
0
0
0
0
0
0
0
1
1
1
1
1
1
1
1
1
1
1
1
1
1
1
1
1
1
2
2
2
2
2
2
2
2
3
3
3
3
3
4
4
4
4
5
5
5
5
6
6
7
7
7
8
8
9
9
10
11
11
12
13
13
14
15
16
17
18
19
20
22
23
24
26
27
29
30
32
34
36
38
40
42
44
46
49
51
54
57
59
62
65
68
72
75
78
82
85
89
92
96
100
104
108
112
116
120
124
128
131
135
139
143
147
151
155
159
163
166
170
173
177
180
183
187
190
193
196
198
201
204
206
209
211
213
215
217
219
221
223
225
226
228
229
231
232
233
235
236
237
238
239
240
241
242
242
243
244
244
245
246
246
247
247
248
248
248
249
249
250
250
250
250
251
251
251
251
252
252
252
252
252
253
253
253
253
253
253
253
253
254
254
254
254
254
254
254
254
254
254
254
254
254
254
254
254
254
254
255
255
255
255
255
255
255
255
255
255
255
255
255
255
255
255
255
255
255
255
255
255
255
255
255
255
255
255
