-379933
-405947
-436460
-434834
-486463
-549665
-585843
-592863
-608842
-584097
-587349
-611085
-618511
-701657
-756269
-754507
-749221
-764954
-742722
-674651
-621262
-566799
-534857
-513429
-509820
-541846
-575584
-697473
-837779
-892830
-335598
-385760
-427559
-418427
-458828
-518889
-554067
-525929
-516140
-489182
-498375
-536292
-559132
-627170
-660883
-633651
-634578
-643168
-632953
-588295
-545695
-489935
-456160
-442617
-456539
-494813
-554453
-694370
-868555
-942475
-300806
-343163
-389035
-391742
-428108
-484555
-526273
-503554
-471193
-419438
-429979
-466896
-492499
-557658
-594191
-606447
-633163
-617031
-581980
-514032
-433350
-356668
-320056
-324031
-352548
-401642
-487573
-661874
-913097
-1003040
-252899
-309590
-342688
-356001
-408933
-455090
-499390
-497286
-470763
-419712
-437359
-475982
-500369
-549670
-565335
-603804
-630377
-583162
-525613
-423535
-336361
-256694
-218239
-231191
-246401
-289832
-372223
-576288
-903116
-1054512
-224837
-274034
-313224
-301830
-359638
-440102
-484232
-486436
-455449
-404426
-428826
-479713
-501413
-536625
-544968
-580944
-588358
-530667
-454194
-360052
-260141
-205255
-181243
-213270
-241697
-263699
-336963
-551448
-894982
-1092443
-218616
-282756
-288742
-278567
-331903
-404350
-463940
-463608
-438980
-392476
-420341
-471006
-489223
-534541
-530189
-565310
-555075
-483375
-419504
-323961
-242841
-196442
-169598
-215571
-263248
-290151
-370355
-572667
-904253
-1087922
-229941
-306304
-298122
-242416
-301950
-382222
-440492
-438858
-397196
-333636
-358547
-415968
-434875
-482891
-505027
-519443
-493497
-434603
-365602
-313659
-253006
-215330
-190496
-244548
-293481
-308985
-415692
-602564
-900228
-1084695
-249046
-319161
-320518
-266768
-282909
-374482
-431719
-419770
-369940
-284023
-296830
-343319
-377090
-453585
-477336
-465684
-414581
-345719
-287821
-250380
-220589
-205320
-182884
-243504
-317024
-361905
-479509
-652109
-907629
-1074048
-239404
-328683
-326800
-301251
-323123
-391684
-441680
-400078
-335062
-247960
-246315
-292807
-341632
-422568
-448684
-405158
-332444
-265236
-217069
-174081
-133035
-102829
-81414
-163088
-295444
-409324
-544019
-697377
-882320
-1042052
-226003
-300260
-323348
-328964
-367117
-453907
-463438
-401456
-311589
-223544
-206424
-260143
-332433
-402129
-425077
-356336
-261671
-193537
-142011
-81730
-34767
1412
5532
-91051
-250883
-401313
-554342
-684125
-827238
-1023727
-240223
-289944
-304583
-303051
-342831
-440998
-457213
-373792
-295121
-212913
-177362
-248492
-317539
-400532
-404446
-311683
-217169
-142280
-63600
-5764
35759
64486
58891
-45227
-221808
-410038
-552080
-663422
-799644
-1019229
-264559
-288611
-285408
-288838
-315448
-410558
-430810
-368561
-295739
-241634
-219444
-280932
-342313
-425727
-409782
-322277
-199826
-100480
-11053
18857
27740
63924
55880
-46725
-205463
-381930
-524874
-615041
-763151
-993447
-252961
-272761
-261212
-261175
-288020
-361932
-376660
-320729
-260623
-219508
-199630
-261033
-323470
-437921
-427012
-317577
-172329
-67750
-1514
4775
7955
25110
15710
-62282
-194309
-326913
-434544
-518411
-687821
-946620
-256591
-265220
-249187
-233769
-262589
-343242
-326882
-274973
-224198
-194935
-196886
-257856
-318879
-441224
-405844
-282979
-143042
-50594
-13051
-13863
-26580
-9197
-33142
-104216
-197676
-291518
-365858
-452363
-625421
-899180
-267056
-276416
-247645
-224356
-281938
-347162
-320310
-232739
-190564
-164398
-158319
-224504
-295951
-411728
-364529
-239844
-119155
-54202
-40511
-45127
-60417
-54991
-58439
-111419
-189506
-267471
-337566
-429445
-584530
-844748
-315229
-307586
-265618
-228246
-276883
-344565
-328698
-223938
-173833
-159641
-132927
-192550
-266054
-378452
-348337
-231020
-134837
-95385
-83771
-91186
-92444
-69214
-59276
-87376
-143281
-222044
-308097
-406011
-536634
-742999
-358151
-350886
-307793
-245347
-303961
-369755
-358692
-244923
-186174
-176861
-146124
-197869
-258824
-378984
-346624
-247051
-166370
-123507
-119348
-128814
-115822
-69280
-19423
-31060
-91600
-171186
-269147
-388355
-496105
-655544
-396811
-377194
-340194
-288942
-361108
-417127
-398632
-282808
-212463
-193549
-146420
-197576
-262648
-391859
-368074
-277104
-199236
-157838
-151436
-159923
-132438
-75078
-18787
-25409
-93709
-172338
-234261
-334071
-423992
-570443
-428746
-376100
-345329
-318612
-411355
-466533
-439019
-318887
-262144
-243796
-176820
-220977
-279829
-414972
-393588
-320033
-231971
-171845
-162455
-161950
-149404
-102619
-66117
-85406
-139421
-195457
-219671
-295763
-369531
-498580
-470194
-387626
-356415
-355542
-460655
-503706
-452239
-346147
-284345
-248595
-186829
-243382
-309322
-436315
-429139
-353812
-236795
-158261
-134955
-153962
-171288
-161387
-158397
-172431
-197757
-231480
-258786
-301541
-361534
-444491
-479452
-393989
-357177
-374018
-489989
-532796
-475915
-339934
-266573
-226441
-172466
-230571
-297764
-427898
-436502
-355289
-224391
-146738
-138799
-201106
-263709
-256650
-233155
-235748
-237694
-251295
-292920
-314545
-346091
-398730
-447604
-380645
-366061
-377849
-492046
-545174
-476525
-321565
-240551
-207940
-155411
-201431
-270740
-405747
-437398
-348639
-248531
-167665
-202766
-304534
-368199
-329071
-265929
-272965
-260162
-277468
-310723
-326417
-328359
-356293
-426055
-368967
-366181
-391984
-487580
-528409
-472686
-285250
-196970
-174761
-151386
-187081
-259596
-382545
-414469
-365945
-272965
-240967
-296437
-400264
-451677
-384135
-305135
-297865
-276099
-288324
-319232
-333331
-326211
-337843
-369571
-345446
-353672
-384782
-476577
-508002
-441421
-272594
-194155
-215348
-222816
-249763
-283973
-353243
-403966
-383919
-312783
-309117
-385522
-474674
-521534
-444296
-314755
-300196
-302458
-323081
-356435
-351507
-326909
-316391
-291475
-297712
-335285
-369516
-457778
-513548
-435278
-273123
-238628
-279527
-316667
-327377
-341417
-389930
-441566
-412973
-374645
-383784
-443613
-526174
-573552
-467289
-303292
-286852
-325105
-378110
-416180
-412596
-355832
-306239
-165164
-237575
-292172
-324773
-452135
-552695
-476232
-325403
-282159
-342939
-387303
-393507
-404383
-433548
-481040
-450523
-417341
-409937
-450229
-510650
-544243
-430692
-261422
-282913
-370731
-455098
-471009
-446181
-382506
-303045
-249750
-225804
-235283
-192065
-211446
-347752
-544007
-576520
-578607
-590878
-637021
-706005
-754319
-831984
-887852
-842111
-722318
-653116
-648895
-668662
-662660
-609666
-510108
-360241
-313402
-390563
-441696
-555509
-664306
-789639
-277784
-272482
-288519
-177003
-135350
-272626
-448029
-498329
-522512
-535516
-564880
-646304
-743079
-840914
-911891
-858069
-749656
-682879
-676606
-658124
-590199
-549332
-486352
-309453
-231350
-322294
-431182
-551988
-634912
-758244
-311963
-280406
-355534
-216723
-84336
-189258
-377336
-416057
-466577
-462982
-500906
-589614
-710026
-822860
-872345
-825912
-705677
-657462
-646785
-583004
-475667
-458204
-425156
-273739
-208155
-290937
-404181
-515083
-613083
-740228
-352550
-328172
-394812
-239658
-60211
-150696
-314408
-369548
-432606
-421236
-436088
-525270
-647197
-743342
-795772
-735406
-633693
-595917
-564930
-463570
-365759
-355588
-366973
-254217
-180393
-264455
-369264
-438190
-565520
-723835
-402640
-392709
-462087
-266582
-92025
-177322
-306423
-346717
-407218
-397832
-392070
-471682
-585385
-668051
-714822
-663204
-583165
-520470
-467601
-350965
-268421
-287701
-356202
-295186
-235061
-311902
-409490
-422958
-524579
-723724
-412606
-466269
-535708
-327438
-119990
-224943
-324220
-329250
-372774
-369938
-356699
-419045
-506342
-616743
-663478
-626578
-559024
-477261
-386647
-259637
-203103
-251097
-348838
-329290
-290223
-384748
-490583
-454936
-506601
-718714
-435265
-523044
-628871
-395693
-176757
-270555
-351196
-358931
-369241
-347228
-336073
-385469
-463117
-551254
-594564
-589071
-530202
-447839
-335480
-217222
-178211
-235380
-339041
-354810
-347393
-432781
-565044
-472074
-499100
-700185
-471367
-597515
-715454
-474544
-244928
-336459
-397161
-378211
-382970
-350360
-326546
-341514
-364426
-470596
-547535
-535295
-488775
-402364
-274231
-181061
-171835
-233992
-333175
-366284
-396561
-511128
-632065
-501167
-486462
-679169
-506644
-631940
-753980
-520854
-327367
-424961
-479257
-438914
-398072
-329288
-309067
-285152
-275525
-387249
-503461
-508407
-427954
-305778
-202304
-129252
-145391
-204001
-283439
-377352
-450691
-561073
-668501
-543539
-490936
-658037
-501733
-607346
-736545
-569559
-439826
-563408
-599195
-541422
-434940
-341268
-290656
-232616
-195525
-319617
-469711
-495505
-390390
-251750
-162969
-121138
-148286
-224003
-283160
-344694
-468311
-616681
-695255
-573374
-487928
-675669
-481581
-589413
-680761
-542736
-481024
-671474
-731149
-654153
-504880
-369561
-283887
-210445
-173964
-335292
-480830
-481948
-367605
-233393
-158390
-137807
-190984
-264083
-287387
-337434
-481633
-687955
-744697
-590664
-486701
-701461
-506158
-613012
-673887
-519103
-488746
-721579
-851918
-774670
-601276
-456318
-347288
-230442
-183241
-392690
-509991
-503471
-367425
-235190
-174963
-166926
-251351
-309790
-294727
-337120
-489732
-726508
-795528
-625626
-508482
-724861
-538909
-648324
-666175
-520878
-510419
-746668
-931916
-845042
-670491
-546016
-439409
-301108
-232933
-440480
-551023
-541679
-369517
-265980
-195343
-230851
-325619
-383495
-331036
-350576
-515973
-729659
-783707
-616263
-480147
-697574
-585607
-686316
-701815
-551392
-549583
-781929
-976858
-867976
-712967
-624307
-537832
-402924
-295086
-484542
-572593
-546003
-390797
-290044
-247633
-280048
-380305
-375519
-286758
-331605
-514785
-712988
-746855
-575024
-433839
-641576
-625061
-722697
-753730
-615517
-617928
-856569
-1016499
-877282
-763574
-714804
-617795
-476100
-356656
-543760
-612644
-563793
-414887
-323184
-272691
-293727
-359768
-337560
-251008
-315674
-483958
-655624
-682676
-508873
-387098
-610279
-676452
-804191
-824336
-693584
-688417
-917481
-1076287
-900777
-780396
-752286
-660808
-518689
-402144
-572185
-642065
-572509
-371993
-289689
-219935
-239909
-322780
-302747
-242341
-306561
-430281
-552058
-602808
-426253
-315532
-543607
-700373
-881258
-910092
-781990
-756448
-991142
-1120735
-955386
-839639
-805231
-732554
-589094
-427020
-592838
-664352
-536817
-339044
-231770
-165768
-197139
-314854
-302171
-237862
-271335
-361874
-485349
-542944
-373917
-260941
-443390
-733744
-929986
-1012585
-905084
-851986
-1072181
-1190046
-1021183
-905184
-851685
-749119
-602998
-429727
-606371
-611104
-460868
-267655
-168600
-116738
-189977
-360915
-380721
-301707
-296295
-335992
-476172
-503673
-327426
-194007
-357504
-768149
-977520
-1065200
-987164
-992620
-1130182
-1242090
-1075241
-936213
-878768
-755806
-601942
-405603
-542091
-547853
-391413
-214308
-150502
-142310
-254109
-469605
-499029
-407573
-387727
-400304
-482632
-474880
-319785
-174050
-290316
-743371
-974889
-1093149
-1016658
-1075133
-1203874
-1297701
-1101511
-949171
-864761
-742551
-605798
-410148
-505652
-486447
-358982
-209234
-175633
-205716
-341749
-564885
-608401
-567740
-527661
-494913
-534255
-517974
-380547
-209077
-254115
-716248
-921017
-1049154
-993290
-1094173
-1263318
-1329967
-1130126
-936895
-819463
-707655
-600115
-385428
-449240
-431155
-336259
-241816
-223157
-243132
-403054
-654393
-750890
-709166
-622419
-580495
-588741
-579462
-471610
-299041
-263608
-682632
-903009
-1060216
-1004157
-1074331
-1279634
-1387721
-1188487
-927454
-773476
-655521
-579443
-369902
-380655
-378719
-329548
-280642
-232999
-274929
-470136
-737019
-846289
-856806
-773094
-722465
-699123
-692998
-574654
-407371
-304178
-725027
-900295
-1094736
-1047664
-1072084
-1279446
-1423484
-1277259
-968176
-749313
-590058
-496705
-321975
-308961
-319950
-351515
-353449
-297741
-325372
-521959
-826157
-978237
-1003034
-951161
-881935
-843354
-830748
-714745
-508030
-380023
-809003
-908606
-1111485
-1076986
-1098055
-1318351
-1458358
-1300774
-965334
-725097
-543815
-442870
-269146
-255262
-308597
-411077
-428200
-396470
-414516
-587492
-866912
-1046602
-1102368
-1065312
-971923
-934213
-922910
-822961
-637970
-503601
-898367
-993787
-1172365
-1090674
-1078607
-1328642
-1480167
-1324810
-972648
-705656
-504122
-364427
-213726
-215021
-317348
-464806
-519147
-472451
-459365
-576586
-829082
-1033803
-1122627
-1135773
-1040829
-992310
-965058
-911553
-768529
-616050
-912670
-1037837
-1165517
-1088799
-1094882
-1338589
-1484982
-1334784
-982574
-752793
-526204
-365709
-216997
-224014
-355933
-528677
-585184
-514653
-470322
-564941
-801680
-1018629
-1143442
-1181317
-1100613
-1046498
-1016113
-969368
-845013
-729191
-10722
-96178
-142197
-214299
-215896
-134642
-555
-2703
-32972
-107835
-191191
-211358
-164956
-88543
9882
127751
130128
2278
-74188
-45442
29041
16614
-31211
-18363
-83107
-273149
-499597
-708875
-714777
-581274
-21999
-112049
-127689
-194372
-216187
-129708
11552
-7259
-56897
-142144
-211218
-225357
-155177
-78620
30953
139983
111102
-14133
-72750
-21276
60202
49115
-7057
22099
-71179
-272714
-475481
-667883
-712901
-603039
-32097
-120327
-124250
-188342
-214631
-136765
17491
-9464
-52233
-137747
-222315
-221896
-146102
-67520
48086
130344
94493
-33444
-65271
3434
82691
50212
-19128
7794
-85393
-271521
-462876
-643682
-720227
-616482
-45510
-126177
-116504
-179247
-217100
-163668
-27643
-30933
-55335
-123152
-219468
-223977
-154089
-73823
31071
91279
45830
-46355
-42766
16606
68110
11219
-65426
-41150
-131573
-274562
-441080
-622001
-708279
-599234
-60686
-111582
-99333
-179080
-241322
-199655
-64163
-75958
-79898
-121529
-225418
-224274
-155235
-71336
5606
50059
19364
-36241
-34168
8276
38268
-16019
-97045
-79077
-170621
-292775
-403743
-564521
-662056
-576721
-76326
-102234
-58564
-170990
-261962
-234021
-116107
-106473
-110845
-123362
-219575
-226745
-165133
-68454
3537
42285
11864
-17315
-19056
7110
37498
-20293
-122272
-106579
-201993
-277262
-350860
-503089
-604908
-541545
-98017
-103205
-24538
-140624
-270777
-240832
-143199
-143079
-122109
-103491
-195807
-222050
-158549
-47596
13584
47856
35423
6399
-15683
24036
26866
-46985
-145845
-142728
-207560
-255427
-289104
-438839
-548121
-486886
-108281
-85913
-10307
-132126
-253320
-240000
-146551
-151496
-139826
-103397
-171332
-203959
-148114
-26855
39682
69272
56557
17412
1817
25879
25154
-67940
-146286
-166221
-213900
-240910
-247555
-386549
-497590
-429153
-113029
-79363
-1573
-153818
-254183
-210597
-119471
-110333
-106785
-97464
-158777
-194234
-137260
-11041
57192
90992
68202
20640
31091
68574
41936
-47977
-115984
-150621
-209868
-240776
-236002
-360921
-479230
-391671
-117364
-76830
-28313
-175951
-263735
-187398
-92983
-68862
-76547
-86641
-164179
-202112
-144808
-5896
76061
102834
75204
39333
72672
96969
62166
-15106
-75955
-117266
-190887
-230641
-249163
-347833
-453220
-357660
-148141
-98744
-63802
-205900
-280095
-183186
-69994
-26165
-24713
-56305
-157132
-205543
-151415
6826
94467
121728
94780
81244
126160
145697
108155
40195
-15983
-68751
-150772
-217209
-254723
-345678
-416980
-304840
-143911
-122452
-104967
-240495
-288418
-174994
-56871
-11975
-4251
-36075
-160610
-223227
-179995
42
114048
152834
133928
140519
178649
183450
130149
65295
15115
-27216
-90801
-183024
-233942
-333431
-381374
-237183
-147109
-126330
-160316
-266130
-279752
-148946
-38991
7369
3614
-39022
-171627
-244502
-204188
-8598
128420
208193
188961
195098
191364
160270
119446
71937
35891
5944
-56702
-119656
-188050
-310782
-358051
-171240
-154873
-150852
-184654
-294015
-277302
-129518
2920
10188
-2188
-49060
-182069
-256962
-220425
-11119
149908
248993
231609
206405
170219
143254
109371
67121
46033
23132
-51579
-112469
-173895
-282542
-320377
-125198
-161067
-158589
-205914
-301469
-284073
-123207
12934
-4286
-36793
-71499
-188809
-268596
-231537
5116
200598
293122
231534
185316
158269
136760
93450
73365
70751
42173
-39780
-123745
-191963
-284332
-300930
-106163
-165135
-166758
-215460
-300697
-280412
-133052
-1454
-12618
-44796
-95703
-201960
-279756
-232391
17258
237032
299546
228448
180715
163883
138781
110926
87607
92828
63410
-19538
-138340
-221241
-302578
-272496
-81361
-151174
-175532
-233015
-303642
-266358
-156716
-40147
-43429
-56048
-76501
-177081
-260254
-224214
33304
270092
311426
220699
189487
172079
152097
129298
101349
101495
63898
-29748
-166433
-272006
-330709
-250469
-64981
-136656
-189960
-238295
-284001
-252114
-151167
-56994
-56045
-47399
-68079
-178571
-271098
-223635
44363
286024
313111
223034
181251
152647
154349
140124
97995
71244
36114
-63766
-204342
-324903
-348406
-236535
-65244
-125320
-213328
-256729
-290842
-240286
-135177
-56345
-53528
-34017
-39932
-167065
-275399
-226734
52463
291644
325827
234425
183057
151180
145294
132188
82105
30284
-13673
-99052
-246337
-375525
-351370
-229676
-78338
-95097
-207155
-276492
-339198
-273262
-137607
-52203
-55014
-27801
-31708
-154273
-259930
-201956
72510
282780
333931
261865
190539
137043
134462
113084
63793
-7176
-50455
-139889
-286062
-402804
-361031
-223498
-65804
-108282
-210559
-289150
-395023
-326445
-152394
-40926
-52905
-39188
-33477
-145646
-241593
-177363
80615
293518
352213
303373
205894
135293
125855
103472
30151
-51516
-106380
-194482
-310346
-420334
-352869
-197197
-49215
-185493
-251553
-315683
-449763
-359731
-177124
-42068
-48039
-53539
-65801
-143473
-213630
-148138
96956
300704
382060
343774
216873
125617
118971
101446
10139
-107922
-209091
-300804
-384462
-445597
-342937
-155524
-16444
-287052
-321254
-370870
-465607
-367151
-176816
-36208
-70370
-101386
-118697
-175203
-230296
-150401
102722
338409
424523
364708
203279
107389
112410
78938
-19471
-160073
-303477
-398716
-472644
-462661
-331111
-126454
3889
-399763
-342073
-395238
-459133
-351151
-140646
-18799
-83085
-151647
-173874
-214003
-235363
-138017
127141
379572
453685
394663
215221
80170
73302
46720
-43573
-209149
-366112
-484888
-507788
-456068
-281163
-82840
30511
-520702
-394131
-428718
-481735
-336404
-92315
13801
-79598
-179250
-217992
-223529
-228129
-105196
142631
399056
493419
412987
178821
49053
44464
6851
-118912
-298364
-477816
-582920
-556524
-431692
-236955
-49946
73905
-606666
-462409
-468730
-497092
-365319
-90074
60492
-86706
-227227
-243332
-212870
-204641
-111875
118017
371976
456893
332702
121257
7917
-11131
-90888
-224149
-430735
-596668
-673560
-603770
-391824
-177666
-3863
105431
98185
30634
-40602
-88524
-127080
-128723
-126327
-145159
-151353
-169630
-173530
-198020
-216489
-208874
-205834
-178458
-153709
-160580
-182080
-168327
-138880
-87529
-62459
-39228
4913
7653
-29739
-88036
-130931
-107440
129368
86425
32004
-31002
-87118
-104441
-116553
-144621
-156349
-170940
-166204
-196936
-212237
-207705
-212977
-192308
-171062
-176334
-177313
-153397
-120013
-60485
-37427
-13493
18518
7681
-32026
-84097
-139734
-139985
140786
125164
94720
32905
-38845
-64131
-90353
-130246
-151093
-156347
-148648
-186389
-202306
-200981
-200753
-190982
-176503
-174259
-169184
-145875
-108260
-48306
-16505
16749
43691
21197
-33795
-102062
-174295
-180385
118771
139554
135411
78625
11553
-22370
-60143
-109962
-137178
-143996
-140551
-186156
-195307
-191363
-183790
-178332
-165995
-163752
-153612
-133631
-97618
-34181
8191
37951
56019
30298
-28143
-90544
-163702
-191971
96014
119985
140406
104734
41721
22174
-27775
-83500
-113926
-127464
-133159
-181020
-191243
-177960
-160416
-144293
-134985
-130757
-124039
-114303
-90011
-29169
19354
47550
55833
13613
-32270
-70925
-137451
-176987
63549
89351
121140
107626
59122
57822
20105
-37846
-78470
-105008
-122912
-172775
-188221
-165986
-134165
-107412
-100074
-96825
-104977
-111778
-87004
-31733
10649
29787
33833
569
-23902
-45187
-100307
-139037
28682
51167
89392
85055
52771
74998
58523
13581
-31075
-70408
-92371
-143616
-169055
-142222
-104813
-74733
-70199
-82388
-110670
-118394
-102837
-60298
-37106
-12163
-11740
-30319
-38654
-33330
-61506
-96169
1061
19872
58615
60166
38325
76417
74648
48797
16353
-29238
-57187
-113597
-149883
-125723
-81950
-55665
-57019
-84728
-118606
-134194
-133826
-114980
-96526
-67794
-64891
-68773
-60663
-31758
-36203
-70011
-17392
-4857
44557
38624
23997
61240
55790
43316
28999
-9152
-29897
-77348
-128478
-115718
-75713
-46840
-62486
-102774
-136781
-160730
-173213
-148967
-135427
-112517
-108424
-107221
-90270
-42435
-25378
-41280
-38614
-18239
30756
24905
4766
32296
8583
4357
-7002
-29485
-49381
-84967
-129638
-119040
-94073
-87143
-118064
-163550
-200455
-225655
-217508
-174622
-161031
-137862
-136893
-130138
-108190
-63010
-40174
-33446
-76148
-68359
-21226
467
11718
16601
-22675
-35915
-42974
-57883
-75692
-113409
-158573
-150537
-127830
-131173
-179478
-232977
-275530
-282693
-252184
-207449
-203518
-188897
-178254
-155493
-127910
-80449
-55693
-51852
-137912
-126889
-74545
-47149
-12526
14087
-22447
-64898
-78887
-90367
-110743
-144388
-183866
-172863
-155189
-178819
-244114
-295729
-318240
-306345
-277176
-241380
-227500
-213439
-208003
-182858
-142265
-95553
-66081
-65964
-189956
-168556
-115227
-86624
-42981
-1437
-16509
-70115
-95315
-105234
-121968
-157560
-199425
-183151
-178079
-217885
-294505
-332133
-330488
-307892
-274688
-235369
-217203
-213481
-215039
-203826
-162830
-119570
-68615
-52338
-235187
-202150
-143843
-122415
-78520
-19448
-22538
-70226
-108657
-110236
-116766
-146102
-192919
-180956
-192043
-239936
-313463
-334391
-324787
-304597
-261968
-222886
-203798
-200698
-210308
-196743
-156641
-132253
-81971
-48786
-284600
-238262
-179728
-157662
-97535
-43518
-44948
-87535
-114610
-111198
-108488
-132595
-176540
-176656
-203968
-247047
-308919
-322612
-321466
-284258
-237707
-203002
-187019
-191010
-197679
-174381
-133704
-125788
-91274
-56188
-373216
-302619
-243868
-209232
-129061
-68177
-74585
-118031
-126985
-111083
-93542
-112800
-171883
-185437
-209957
-253640
-320350
-337777
-320964
-275061
-229258
-202118
-191251
-193036
-187703
-155048
-113881
-118081
-96614
-70594
-469604
-395868
-332554
-277498
-187107
-107745
-116724
-163205
-166250
-149507
-120345
-144754
-202532
-212910
-228038
-270632
-322643
-322354
-303828
-270967
-231022
-213067
-200568
-194880
-183647
-145063
-108639
-116658
-96556
-68293
-525683
-472363
-440050
-387604
-291244
-209285
-207712
-239761
-208450
-180978
-140131
-159416
-215094
-228045
-245677
-277902
-316880
-306121
-292273
-267268
-235676
-224412
-220387
-214281
-189618
-149405
-110720
-115332
-86286
-59514
-554476
-517907
-504808
-472306
-401018
-327742
-298071
-304995
-247939
-200082
-152353
-167087
-212949
-230803
-251600
-281198
-309832
-299594
-287311
-262086
-248745
-241519
-243807
-253127
-214513
-153159
-115714
-107371
-71456
-49952
-548485
-525048
-516873
-494647
-467931
-404116
-366180
-362700
-276969
-221603
-163308
-174120
-211159
-231459
-260309
-280275
-307099
-299048
-292545
-279530
-267207
-274756
-285758
-278507
-223506
-152334
-116450
-102443
-65015
-45144
-548260
-522544
-500927
-488391
-486602
-443366
-418818
-411279
-313542
-248116
-177284
-180533
-220635
-239458
-265247
-280109
-303734
-311699
-322791
-315123
-313403
-333823
-346315
-309817
-225250
-143764
-110722
-93575
-54081
-36167
-563627
-527430
-511594
-490587
-469213
-443400
-440951
-453257
-365091
-284533
-205405
-199912
-231106
-262311
-287818
-294663
-311903
-333416
-343429
-361143
-378247
-414706
-420154
-363422
-252292
-134472
-100417
-81278
-47789
-31352
-582119
-555818
-534407
-502962
-465520
-436423
-434345
-469128
-410366
-319823
-230259
-226474
-258731
-295012
-308495
-303707
-334624
-362560
-377814
-410986
-460031
-498456
-482492
-412846
-281946
-153409
-112583
-85841
-55215
-32535
-605340
-588476
-567421
-535727
-495955
-436334
-429093
-481085
-456946
-371681
-293134
-292818
-318061
-350604
-352505
-337976
-369041
-405229
-424551
-461724
-516283
-551212
-526822
-445971
-318342
-182696
-132862
-103518
-81706
-42809
-637838
-621046
-605923
-591715
-545344
-473910
-450558
-497232
-517465
-455895
-398372
-400938
-407670
-435105
-411276
-394383
-416547
-453915
-465073
-489663
-523445
-559299
-548363
-486986
-370946
-214426
-150975
-116405
-83491
-33617
-655971
-643427
-627209
-638845
-610746
-542177
-507804
-536086
-559101
-525151
-486721
-492298
-497868
-508217
-471904
-445921
-460849
-476630
-481337
-490013
-502379
-527417
-530931
-501276
-399539
-255141
-180385
-126759
-75853
-17886
-396509
-442926
-454828
-491914
-494110
-423925
-382968
-376531
-372993
-388136
-385688
-432744
-454740
-429387
-394037
-280642
-199103
-194896
-180870
-149344
-139547
-103536
-83681
-62958
-22827
30625
7970
-32810
6531
158945
-320585
-412930
-444823
-459586
-472040
-430782
-381112
-391373
-401530
-445425
-432310
-467033
-457340
-436448
-370855
-263113
-205027
-225088
-223959
-186728
-167597
-133964
-116543
-95058
-32220
1999
-59428
-98427
-64208
120880
-243605
-366993
-418636
-431344
-433185
-434593
-400013
-382619
-377592
-434801
-420224
-446324
-442153
-421093
-356925
-251673
-190677
-229049
-218854
-166202
-166219
-134331
-130188
-124799
-99940
-88582
-167130
-200250
-145447
74871
-213175
-311178
-361173
-382705
-411602
-432111
-425327
-386657
-377718
-387204
-378861
-400923
-398123
-387482
-336142
-254588
-195277
-225058
-222641
-174530
-171334
-120088
-117820
-120400
-127731
-147936
-253454
-298795
-230216
20986
-191552
-281464
-317776
-326133
-366134
-421730
-423548
-396661
-368026
-346477
-349054
-367791
-362654
-351150
-339930
-264508
-210542
-233181
-225122
-172309
-147216
-81844
-76678
-68733
-92699
-153514
-282865
-342528
-264805
-53248
-173786
-270382
-286538
-259028
-310011
-391233
-397661
-359976
-349063
-324752
-330801
-345368
-337191
-317995
-322395
-235876
-186602
-189214
-166844
-117563
-104844
-50957
-27791
-16495
-67667
-158667
-293845
-343962
-254041
-80424
-133372
-251264
-261526
-220214
-249285
-312541
-343023
-334036
-315651
-294986
-315606
-337798
-341493
-322845
-293590
-204811
-154211
-143333
-106121
-64699
-42525
29583
53909
39619
-37633
-182032
-303483
-311787
-219588
-93557
-99467
-203225
-210365
-159165
-200010
-263758
-258460
-268141
-260701
-257450
-288857
-329533
-351153
-320876
-262553
-164235
-131752
-98810
-65042
-16089
39470
116498
136473
84401
-43677
-184092
-276765
-282992
-232870
-138916
-50582
-160012
-144488
-108516
-157373
-224247
-195447
-193130
-200913
-211131
-252312
-324803
-380991
-322937
-226963
-116605
-77027
-47693
-2434
54197
112997
187667
172019
108416
-33164
-189393
-284194
-287360
-270841
-184659
-25449
-131847
-99399
-58134
-112614
-169475
-135591
-108158
-113631
-136143
-172905
-272346
-345764
-292351
-173775
-85365
-24662
28326
68961
133834
201974
246683
190795
95073
-22434
-181900
-295645
-313476
-310850
-261347
-19363
-142555
-88760
-54079
-100709
-148082
-115606
-56503
-34017
-36535
-81772
-193871
-302796
-255194
-122600
-21714
47319
82345
138119
197545
236328
266691
202187
111979
-3057
-141549
-246824
-302413
-341973
-329675
-24391
-149316
-103768
-68638
-109118
-143233
-132761
-54520
-8766
23646
-9746
-129889
-292981
-263551
-111212
21771
79428
130657
163295
180750
217136
238691
153346
76121
-12551
-100194
-181080
-246777
-324769
-360547
-28909
-158632
-124421
-100938
-153650
-161584
-139001
-69872
-16001
19006
-17080
-122860
-305064
-295074
-125021
63704
115928
128238
123078
133647
136425
128874
57686
-1971
-42459
-75976
-112197
-175897
-283156
-366084
-39927
-185594
-137105
-136749
-177413
-190801
-132410
-62986
-14750
-1722
-62173
-143925
-317855
-299545
-139590
38573
80012
87664
82216
53100
62157
49783
-17365
-64464
-81976
-107665
-115176
-155883
-259177
-348476
-51691
-200004
-156580
-143697
-183228
-208890
-127904
-46444
-4053
-7666
-64541
-155117
-319155
-313080
-161849
3829
18906
30788
3187
-6832
12717
-6667
-66105
-102362
-89743
-97926
-120515
-177951
-294769
-398543
-65962
-215163
-167023
-141774
-216044
-251116
-169216
-74662
-12371
-2408
-29242
-126918
-303778
-319792
-208028
-52339
-46080
-54560
-64925
-32394
-5560
-28212
-86633
-116530
-114820
-114430
-139146
-208118
-320160
-430397
-82742
-213365
-167399
-161500
-239665
-298589
-218438
-102312
-13675
4364
2357
-93436
-294614
-338805
-266332
-108848
-95907
-108470
-100931
-68769
-15230
-38244
-116094
-159570
-160947
-175271
-181674
-246280
-351019
-486588
-87393
-187466
-173923
-191944
-270367
-310570
-238583
-124696
-28085
-10391
-4432
-91323
-284665
-356019
-309508
-171249
-140326
-116979
-109744
-92791
-40078
-68496
-148828
-200427
-218976
-222138
-222664
-301785
-420851
-516485
-100899
-156130
-186515
-258740
-309018
-344399
-257867
-160001
-76007
-53704
-45832
-127000
-300122
-387475
-355085
-206454
-141579
-103612
-123161
-138226
-95056
-115336
-204963
-273574
-281726
-249010
-230274
-343591
-463219
-530940
-133994
-171929
-191063
-302207
-366785
-386044
-293135
-178530
-121417
-107719
-103550
-194050
-336544
-419188
-390030
-247642
-151631
-128218
-175641
-198600
-159151
-193391
-264272
-356674
-346594
-294400
-242132
-352296
-465211
-529912
-138505
-186933
-234555
-343419
-411202
-436034
-327021
-212941
-159822
-191822
-183088
-250894
-377862
-451690
-427401
-275403
-195577
-170999
-240472
-263279
-208015
-242348
-305679
-401108
-391342
-350108
-271333
-351995
-463412
-514337
-125607
-198536
-222230
-373623
-462098
-454683
-336945
-250093
-219063
-245597
-260708
-303464
-414313
-488151
-448778
-314084
-254143
-235346
-281350
-304646
-262483
-257609
-298341
-397439
-391650
-366809
-303139
-358944
-435615
-491142
-53446
-142196
-166419
-330307
-464592
-460977
-344765
-275890
-267764
-310157
-302310
-344737
-447961
-501026
-456738
-335994
-283606
-264415
-286160
-321244
-276635
-243180
-296595
-407040
-389307
-377466
-339842
-376437
-420666
-460159
25266
-80013
-105482
-252803
-436992
-451917
-353733
-294325
-276569
-314177
-332476
-377984
-463502
-506791
-470948
-364755
-309319
-274804
-277509
-306493
-254124
-225564
-258764
-390117
-382149
-367474
-362981
-388244
-388542
-402783
59588
-21304
-11932
-184441
-381349
-440614
-348853
-263720
-272142
-309238
-330224
-392990
-462980
-519775
-482836
-410657
-337913
-235780
-263036
-302950
-226811
-156631
-189523
-348161
-357949
-366641
-402219
-401959
-348696
-318471
45341
7293
39328
-112428
-315223
-382189
-303704
-247484
-239963
-305595
-308803
-384964
-458751
-486177
-478787
-427324
-311561
-209105
-235490
-322639
-248056
-134370
-134892
-313035
-367679
-406181
-443943
-406531
-316356
-257529
-310296
-272819
-208791
-114193
-41535
-15860
-20854
-66988
-158473
-189262
-153590
-88932
-118241
-243275
-394165
-431169
-416463
-412849
-445100
-487773
-498090
-460775
-360630
-204346
-71156
106718
339864
311481
105848
-195257
-329348
-281596
-251884
-163295
-55768
-22218
-54689
-118801
-206058
-210403
-164664
-109532
-140349
-280543
-434070
-486703
-499334
-492828
-516596
-536485
-521960
-456687
-358507
-214097
-64692
107508
332245
315836
121666
-201540
-330930
-265353
-242383
-183538
-66460
-16608
-75393
-161801
-252027
-255091
-175987
-124460
-165372
-299387
-428767
-493218
-533025
-544153
-574553
-567867
-539481
-454835
-362041
-232964
-100359
57842
285992
294846
120313
-201761
-302946
-237691
-213938
-166021
-55534
-40996
-114865
-231027
-310031
-301140
-207586
-169228
-211205
-325776
-439903
-499043
-539021
-556318
-576326
-564981
-529243
-460331
-365387
-250737
-125615
1685
221609
270189
123727
-184162
-254098
-203380
-210020
-144169
-41227
-60920
-166397
-279127
-358083
-337095
-232596
-210936
-243239
-349747
-438131
-500205
-546001
-555153
-563612
-543171
-501048
-437181
-364235
-270761
-152441
-44750
141301
214690
117252
-163566
-191345
-159723
-206226
-168392
-42711
-59715
-174637
-283202
-364764
-362413
-262311
-252373
-279671
-380607
-448348
-507953
-531838
-534963
-525521
-505846
-461869
-407942
-341616
-265661
-167294
-77406
80925
179332
118290
-128447
-132515
-106211
-186649
-153164
-53027
-69191
-182195
-298141
-366218
-354535
-256664
-257342
-293631
-372871
-430169
-487382
-511088
-509277
-498123
-475810
-421515
-376750
-317941
-253277
-174939
-90396
38229
152070
142268
-73978
-95393
-61036
-161234
-132560
-33683
-71543
-177295
-295902
-375011
-356670
-264964
-254151
-279728
-347471
-414268
-478695
-493349
-488822
-486890
-457507
-396999
-335477
-277307
-222354
-143876
-62828
38009
139286
175971
-10820
-98064
-22630
-118998
-80355
-9029
-68076
-180387
-275776
-348407
-332238
-255294
-242031
-246454
-308902
-392276
-455765
-477649
-469781
-478983
-434107
-371474
-306617
-247788
-160056
-85490
-3566
59048
151633
206507
54883
-134592
-40799
-76818
-23376
23998
-57997
-182500
-287245
-353133
-324319
-235751
-197352
-192375
-279068
-391765
-465358
-483209
-474333
-468884
-411492
-350230
-270717
-196278
-94961
-4433
50996
88352
168144
259406
125002
-167423
-93850
-99764
-3772
58694
-38164
-173062
-285164
-348747
-317333
-225851
-175602
-162926
-279248
-406695
-482908
-499973
-490204
-473011
-413610
-332976
-244432
-164916
-70584
30611
78576
103336
198357
301711
178608
-211362
-149642
-117377
-29167
58022
-12198
-142033
-267356
-323919
-296589
-216692
-176792
-158923
-300488
-421747
-506474
-504090
-493437
-440323
-353985
-281425
-209587
-111116
-34442
31347
68785
116209
241032
364715
251324
-202557
-167243
-108300
-28455
35859
2897
-105151
-220607
-293986
-279383
-222946
-182808
-159799
-304682
-407721
-497882
-491911
-467085
-360185
-273127
-241590
-179471
-88462
-25314
29803
65656
114978
298912
494859
363199
-157273
-123124
-74661
-13883
16671
-5656
-84116
-157914
-241107
-234519
-185056
-148579
-129760
-287946
-404714
-492219
-458972
-389923
-287922
-239227
-207196
-137584
-69083
-21915
33548
85819
141121
323436
546984
439515
-103552
-60802
8604
25243
26358
-13697
-85706
-115682
-164642
-161722
-127903
-94176
-84920
-259726
-409373
-470169
-401456
-338914
-270387
-211964
-166987
-103259
-52594
-4096
43648
118551
208925
348540
515764
414816
-56703
2982
81504
95394
66160
8710
-66479
-84281
-117304
-111064
-88370
-50668
-53697
-215727
-373756
-432118
-381968
-327012
-265714
-211611
-155476
-84225
-44054
-1995
51673
149048
259354
375143
454672
329907
-63626
35597
132590
152517
117071
43540
-10922
-7726
-54546
-89111
-89215
-36954
-20060
-190749
-368345
-421188
-372947
-301765
-249779
-199428
-154756
-86762
-43625
58
75760
183925
302938
388059
371844
226370
-80483
15168
116944
140308
121129
57792
2594
18367
-38526
-78163
-75733
-10843
4062
-161787
-349540
-406934
-358563
-294347
-241116
-201256
-165928
-98907
-31683
25665
93471
185272
332511
376998
288401
123346
-127186
-17568
89694
119161
100756
75663
32335
38268
-35034
-89862
-73096
9484
19670
-157094
-341445
-423659
-384595
-320523
-261452
-218009
-168561
-79625
-11068
53539
107420
203783
356809
372607
238696
57555
-204865
-72427
36001
87424
83387
78075
55109
74268
-6419
-71912
-47709
20482
4596
-178867
-350910
-444337
-424399
-351796
-278673
-222095
-177427
-96812
-10046
51844
114478
221286
382235
378956
220440
14729
-328988
-143560
-15005
60368
51067
62104
41331
90014
21366
-43788
-14917
32529
-3385
-187993
-369589
-481211
-471658
-368795
-296361
-266030
-233558
-131462
-19213
78761
124330
230337
373500
367547
219290
8837
-465000
-248768
-83239
3796
-21225
1876
-3581
75312
48080
7912
18796
60111
-13793
-191107
-388572
-521334
-524458
-416666
-363960
-321648
-291777
-190625
-23686
103634
147634
220358
343764
322589
219320
23627
-632008
-358685
-202378
-91373
-132947
-126577
-119172
26445
54573
48165
53914
71279
-5699
-214964
-454924
-608769
-581375
-445777
-351688
-319014
-308971
-229628
-71147
81207
154860
209561
275116
260599
155587
-14525
-835822
-547563
-385199
-258374
-279080
-299021
-245219
-75368
35960
64593
56013
20880
-64951
-271500
-503085
-639481
-593745
-445630
-351160
-342027
-349773
-289620
-128021
67545
213231
254243
245540
151537
78418
-77195
-1101388
-821418
-627288
-454776
-434111
-465827
-396890
-200172
-53240
6124
-8373
-54400
-154138
-331359
-557115
-676720
-614802
-443690
-414305
-446960
-486826
-436635
-227181
33729
252002
294894
213135
52876
12203
-101929
-1286176
-1094123
-921653
-696157
-588755
-609011
-552826
-355217
-191916
-106437
-106447
-160726
-252557
-403007
-623596
-724128
-641692
-502901
-521828
-574399
-629364
-549174
-299887
4532
256386
279305
150404
-30270
-44238
-120838
77944
90870
97234
94004
57524
56159
82790
88109
33986
-46109
-73495
-68390
-73194
-105454
-117314
-128732
-138019
-185937
-211989
-214014
-184474
-136741
-125241
-125487
-99146
-76821
-159186
-321059
-464061
-412556
61608
87332
103077
109412
79944
62851
82501
88229
43293
-20405
-47726
-56936
-63775
-100864
-120767
-114084
-116161
-161866
-194826
-194069
-184538
-134631
-115601
-114756
-80232
-42007
-86064
-236386
-404081
-418391
31365
53721
97152
123003
98915
78110
82332
81844
33759
-21764
-43553
-61013
-71134
-104044
-120955
-117102
-133609
-176683
-210236
-209869
-193369
-132525
-104020
-102184
-72709
-43048
-48046
-161336
-327936
-401502
4399
19523
75471
125893
111932
86386
87723
70896
22809
-29249
-52476
-69091
-89030
-116542
-141027
-141802
-156597
-197100
-216001
-213790
-199128
-130182
-80802
-80349
-67431
-44001
-11572
-87569
-238726
-366629
-13972
-6744
42743
105614
119663
97180
85252
66667
13360
-42867
-61067
-74091
-99474
-121686
-155748
-160383
-177610
-206615
-213934
-218314
-201132
-135628
-91247
-91605
-72477
-43825
7349
-39357
-175364
-334313
-25870
-19907
18294
77718
101266
98555
94272
71220
17473
-51465
-68904
-79831
-101763
-126945
-169118
-183591
-193563
-207257
-218764
-218670
-200567
-139410
-102021
-97710
-75354
-48056
15333
-10071
-121326
-287696
-23832
-31082
7649
57461
76729
76065
71625
68665
19374
-43834
-59101
-68315
-89178
-129967
-169058
-186332
-197410
-215560
-210899
-211861
-196204
-143115
-98711
-84478
-66650
-58282
5954
3979
-72912
-234566
-13386
-33747
1109
41549
43041
44963
43871
43798
6739
-55696
-67033
-76782
-104422
-140955
-168689
-184169
-197021
-201549
-201222
-203991
-190689
-137947
-89929
-68265
-60974
-59057
-5755
4598
-49988
-193223
3858
-25246
1085
32274
13728
8163
6916
22492
-11080
-73218
-79378
-84398
-111594
-142968
-162205
-172363
-182259
-193351
-190589
-193942
-163062
-114821
-70564
-60504
-67861
-67606
-16277
-8450
-37534
-147081
9692
-11434
7254
20625
-12214
-19405
-23406
-9283
-30351
-89772
-94389
-90451
-115536
-141212
-157292
-174065
-184865
-187862
-187317
-174070
-138474
-94222
-57696
-45749
-60851
-63546
-17797
-8303
-35159
-123906
1902
-12203
3757
4456
-20252
-28850
-41832
-34064
-55784
-106068
-107120
-110962
-137776
-158244
-161075
-170489
-177941
-185304
-171867
-161471
-124450
-81576
-52125
-48476
-63036
-58289
-18875
-1291
-34200
-114054
-14692
-16440
-1189
-9559
-38135
-34524
-32853
-50313
-80185
-124729
-120317
-125612
-161548
-176890
-168253
-169096
-181584
-172289
-153472
-141268
-103768
-69862
-38917
-42955
-65903
-64772
-23226
9432
-30845
-95547
-12364
-18979
-2953
-12651
-48800
-48952
-31265
-50525
-90286
-129960
-122435
-136789
-183154
-190209
-171465
-171356
-177780
-153988
-126277
-113702
-89576
-63836
-38752
-45076
-62916
-60271
-27717
28879
16143
-50517
9500
-12022
4260
-9622
-56165
-60561
-36979
-39821
-72861
-118806
-113988
-137604
-192670
-195108
-170386
-162434
-156667
-117075
-99466
-95936
-77369
-60081
-46504
-52718
-69035
-52633
-2020
38679
47830
8425
30077
-464
18977
-2793
-54475
-58205
-23025
-22982
-51330
-98777
-99155
-135457
-194926
-198108
-164068
-141953
-123683
-96225
-92463
-85957
-66921
-53516
-47811
-54328
-64359
-38931
13631
46410
69421
61132
67524
22763
28973
7709
-47546
-54895
-15255
-7983
-35188
-78127
-80012
-124841
-190849
-199273
-153790
-119451
-109762
-96218
-91135
-74091
-57959
-52529
-59118
-58429
-56970
-28117
33866
42798
76992
82020
97353
76530
59773
30838
-37781
-49417
-4706
11280
-19471
-71992
-71076
-113567
-190022
-205100
-152949
-113171
-105678
-92767
-87621
-83303
-72130
-52491
-47763
-52493
-55930
-21410
47899
54988
71243
75461
111907
112304
102064
48892
-25190
-43303
-7349
7572
-25178
-69970
-76444
-114844
-188280
-206541
-147734
-110756
-109327
-92410
-98217
-105598
-95371
-53545
-40657
-58170
-56143
-21924
57219
68307
61550
46421
117785
133651
137709
77310
-2417
-39902
-2613
11635
-28475
-73669
-84514
-117399
-188447
-206482
-157380
-127330
-114076
-111063
-126759
-140339
-131083
-82111
-56346
-76619
-80338
-36503
60028
78080
56300
28152
83195
118675
144236
92392
28717
-156
30842
32680
-16542
-64305
-77843
-106820
-181411
-206973
-167365
-126899
-113637
-121834
-149080
-174675
-162650
-111108
-77816
-97313
-101743
-61072
43851
73368
51309
14831
79539
89740
139900
97504
36898
52227
86075
60362
4599
-47582
-70452
-91489
-159959
-193998
-170870
-139191
-130044
-142737
-177272
-193341
-180135
-109328
-64482
-82792
-92731
-68422
24509
56753
52744
18330
109465
104143
155729
112443
38961
80889
126342
118574
37234
-31559
-60427
-70297
-129568
-178833
-183784
-154564
-156713
-182159
-216723
-219486
-203757
-116956
-41457
-58914
-81191
-72033
3883
49065
59022
31536
127493
132871
188265
137652
51995
88598
152662
170901
87703
2433
-51754
-47251
-84738
-156560
-186941
-179113
-182496
-211053
-243362
-249205
-231223
-124457
-23579
-35037
-67478
-70623
-10888
35969
56412
44406
146324
159689
208562
170811
86789
101414
162979
180815
121874
24530
-33865
-32455
-70804
-139429
-186353
-197219
-215998
-241556
-281864
-286520
-264203
-131594
-8320
-9918
-48829
-57969
-16251
19262
40575
41781
134183
176321
235852
199038
96493
98549
158263
191146
134228
31652
-28228
-24391
-65554
-134782
-184577
-209209
-245836
-283948
-327181
-324408
-299469
-153073
-163
20958
-19161
-36896
-18880
2737
36805
49837
101029
153726
244074
242863
118801
80094
126675
172767
119424
17734
-32799
-23087
-58516
-125513
-171356
-215130
-254194
-302500
-331827
-301139
-287806
-159947
-2618
46088
3341
-32091
-35696
-16263
33313
60811
-850586
-872781
-834738
-772866
-739554
-711414
-566710
-542423
-563377
-609376
-636304
-641291
-707470
-741019
-750298
-690903
-562525
-448896
-453473
-482449
-460242
-317297
-180666
-157805
-192225
-158572
-148597
-147731
-185286
-227069
-833243
-889187
-875637
-786777
-734887
-723691
-631587
-608614
-628397
-658782
-672820
-682427
-745069
-795174
-793816
-725667
-629239
-545663
-549654
-558955
-513851
-355767
-200041
-169410
-195492
-181343
-192176
-212399
-260358
-293841
-848458
-921108
-918595
-817118
-752589
-757261
-694835
-670408
-677192
-712894
-724698
-748490
-814307
-865759
-835546
-777471
-695041
-616010
-613947
-589814
-524274
-349641
-192338
-172549
-250359
-285761
-309352
-295807
-330553
-335190
-873811
-959533
-963444
-844510
-776557
-804083
-764982
-716836
-711004
-749068
-766937
-812756
-889773
-937200
-886551
-810626
-718534
-647409
-622802
-568921
-486347
-312752
-154925
-170741
-300941
-375334
-398744
-340824
-341651
-342865
-909793
-986014
-1009005
-887670
-807661
-863629
-830618
-753131
-740976
-772455
-814512
-871168
-964758
-995369
-919223
-830013
-726938
-635193
-564440
-485640
-423248
-267629
-174556
-217923
-382283
-468295
-491715
-378996
-338023
-338962
-937868
-1010732
-1037424
-934068
-843191
-900284
-869230
-767217
-749828
-792367
-857180
-924494
-1032503
-1034932
-940531
-832589
-690622
-566881
-464710
-402930
-367747
-256512
-196552
-256578
-449353
-546451
-556674
-396615
-318162
-329145
-968839
-1026488
-1056608
-963464
-875162
-944428
-894611
-755882
-724661
-769172
-861058
-940920
-1063800
-1029863
-913719
-773804
-622745
-503076
-417981
-389492
-369375
-269274
-212819
-284613
-494542
-612463
-625866
-429703
-284039
-303024
-1039266
-1062063
-1076309
-973437
-890470
-965090
-908610
-762571
-717154
-753537
-863134
-931722
-1049833
-988883
-851733
-693015
-548351
-455834
-416541
-410022
-394049
-298660
-228770
-319294
-533584
-648059
-674229
-469879
-277737
-284768
-1086474
-1111749
-1094228
-991111
-944081
-1023576
-930202
-758885
-676092
-698948
-823492
-902614
-995960
-920134
-774279
-628638
-504553
-442321
-430487
-433334
-406292
-318471
-260596
-390775
-602384
-717640
-717480
-531128
-312563
-309498
-1098549
-1119558
-1106042
-1034948
-1011075
-1103376
-993064
-814849
-693893
-708641
-800578
-880662
-976207
-913039
-786906
-663586
-555522
-468014
-445557
-429941
-389029
-310161
-287477
-459397
-666042
-787117
-786236
-602194
-379786
-355099
-1146112
-1146806
-1163001
-1116092
-1082321
-1171405
-1058934
-862929
-707773
-701158
-791881
-897465
-996822
-945689
-833830
-707307
-579889
-472054
-419864
-385539
-345143
-294588
-303324
-503135
-712808
-842621
-852460
-683012
-456489
-408583
-1195935
-1180116
-1218597
-1188435
-1146668
-1218030
-1113004
-912980
-743818
-694716
-772413
-897237
-1001573
-977421
-875145
-724493
-568737
-449566
-390080
-385395
-369661
-326338
-329326
-513371
-731145
-876059
-892313
-737817
-499754
-435579
-1195121
-1194383
-1248292
-1230285
-1211840
-1273256
-1155944
-969036
-812526
-735170
-804541
-930720
-1028535
-1035364
-917889
-733884
-547070
-440592
-409445
-423095
-419785
-398341
-388389
-529802
-711483
-869094
-889500
-727906
-476196
-396144
-1204600
-1203146
-1260317
-1259067
-1274189
-1352501
-1239329
-1053447
-891565
-793400
-855228
-975081
-1058257
-1080838
-965300
-774539
-575939
-472523
-433614
-480731
-504355
-490260
-487214
-614468
-746923
-874644
-861874
-690603
-443113
-369670
-1249350
-1237097
-1293817
-1293194
-1343366
-1418410
-1304562
-1127051
-965702
-849677
-901834
-1015604
-1079776
-1108479
-1003783
-812378
-600786
-501690
-493496
-560786
-589694
-587915
-590474
-692143
-794666
-893125
-849260
-682254
-469965
-424597
-1359383
-1324211
-1365477
-1345940
-1411946
-1475008
-1364266
-1193040
-1027849
-900279
-929815
-1027895
-1068190
-1109334
-1016039
-836886
-631642
-549349
-567724
-643594
-683183
-687364
-693269
-782213
-869501
-942279
-878527
-715478
-548547
-512713
-1544477
-1485941
-1491175
-1448370
-1503148
-1555759
-1459636
-1249407
-1048894
-916802
-921107
-1012590
-1029397
-1077629
-1006773
-860794
-672585
-613687
-650114
-730663
-782664
-782996
-788236
-875405
-961937
-1032040
-962931
-787974
-633650
-616711
-1713696
-1647550
-1634449
-1601333
-1638423
-1643472
-1542259
-1290774
-1064482
-924592
-896367
-967110
-985022
-1061762
-1017128
-881647
-721921
-683481
-740924
-870180
-939981
-935821
-940431
-994981
-1075506
-1150768
-1076180
-879280
-731225
-723344
-1852194
-1802534
-1779488
-1748332
-1775641
-1747810
-1618749
-1325657
-1089242
-956705
-899042
-926843
-940856
-1030625
-1009459
-904477
-778305
-785500
-880662
-1028181
-1098786
-1093553
-1085942
-1128958
-1216656
-1277196
-1179333
-959179
-809197
-810796
-1936230
-1932472
-1914898
-1880543
-1893243
-1842606
-1684274
-1361256
-1131835
-1000634
-937351
-953928
-961415
-1055115
-1047512
-984806
-886243
-914895
-1026237
-1184387
-1256268
-1233068
-1217249
-1272896
-1370222
-1415614
-1298894
-1040881
-863306
-851861
-1964723
-2000980
-2007076
-1975000
-1993397
-1943443
-1764001
-1422055
-1201143
-1068927
-997658
-987570
-980395
-1080483
-1096035
-1073890
-1003138
-1064466
-1195682
-1365395
-1442941
-1425981
-1409295
-1437417
-1494518
-1532263
-1425549
-1147861
-938092
-873658
-1994951
-2065630
-2065548
-2060905
-2102900
-2053722
-1860536
-1528841
-1292824
-1186892
-1105823
-1062983
-1027998
-1127237
-1186433
-1201923
-1202546
-1268494
-1400494
-1550152
-1654045
-1660036
-1632164
-1629751
-1653760
-1680104
-1554784
-1265478
-1004724
-895250
-2032290
-2100524
-2123098
-2135090
-2197534
-2175382
-1999377
-1690679
-1442349
-1340339
-1250656
-1174719
-1117662
-1189313
-1292687
-1394622
-1452027
-1520943
-1619602
-1752539
-1850197
-1886516
-1869342
-1836820
-1816265
-1809323
-1652720
-1366171
-1086271
-953705
-2035944
-2095322
-2126129
-2162140
-2235745
-2259827
-2123340
-1855171
-1630348
-1507104
-1380024
-1290023
-1232576
-1272080
-1406417
-1562597
-1647145
-1727622
-1804131
-1921230
-2021607
-2044584
-2026175
-1962900
-1898957
-1848562
-1696273
-1450844
-1183221
-1027917
-2032790
-2065876
-2108671
-2159358
-2235502
-2324672
-2230984
-2010793
-1821511
-1704310
-1569078
-1432902
-1345977
-1373153
-1539170
-1710945
-1830785
-1920344
-1969999
-2062732
-2148185
-2165000
-2144700
-2046028
-1894218
-1800394
-1691001
-1496988
-1258681
-1096882
-2013344
-2038320
-2102619
-2156550
-2219954
-2322723
-2279431
-2126418
-1987818
-1906617
-1783819
-1637467
-1526992
-1545185
-1729623
-1896166
-2023566
-2087444
-2101487
-2160704
-2220073
-2213563
-2174606
-2079411
-1907656
-1790674
-1710232
-1534231
-1307487
-1139649
-448281
-447286
-356170
-292440
-388223
-433420
-447337
-440220
-394237
-250628
-231816
-222265
-273121
-394411
-447549
-483606
-426980
-376183
-445666
-588926
-668496
-778910
-769070
-696186
-561850
-450050
-459914
-523877
-704908
-756481
-447950
-470054
-396691
-361794
-461878
-475371
-477152
-460593
-428155
-283271
-245944
-246394
-331749
-478903
-583360
-579757
-514134
-464333
-514021
-618246
-628866
-731728
-718162
-639951
-507456
-449422
-514440
-603684
-757976
-770106
-444016
-498541
-460776
-422663
-531316
-520737
-491617
-491923
-457194
-332616
-312084
-311805
-415418
-549665
-653195
-633914
-574831
-495652
-517157
-553124
-525600
-606528
-596783
-531057
-454974
-493505
-597262
-695977
-810465
-773685
-455296
-535289
-494255
-458470
-567305
-560669
-507422
-499810
-470942
-363660
-337030
-345011
-450020
-587157
-704480
-679348
-580280
-472893
-446314
-428953
-380440
-470448
-472362
-437260
-395590
-479581
-601704
-705003
-791969
-739048
-477627
-563359
-517850
-479179
-563391
-571522
-519799
-500236
-460515
-368896
-323662
-332945
-432226
-598930
-715577
-659562
-521476
-379576
-296258
-266856
-254330
-368887
-427388
-403809
-389265
-486521
-591518
-671435
-725749
-682274
-510867
-586507
-533514
-490596
-553847
-541931
-512408
-488665
-447651
-358938
-290887
-297906
-399126
-589247
-674195
-581283
-407611
-251660
-165372
-151155
-194806
-334672
-402379
-397666
-398493
-502142
-589358
-643560
-685142
-647867
-572736
-600625
-528149
-492802
-541192
-519702
-480070
-445981
-384098
-292325
-207865
-219038
-333671
-523368
-573668
-449106
-279888
-161440
-108418
-139961
-215932
-342801
-405519
-394566
-405324
-507012
-595272
-605816
-640098
-615791
-649229
-659592
-544150
-484408
-535277
-497103
-456252
-410299
-341101
-253907
-163774
-139249
-230761
-411878
-448677
-342896
-190585
-109176
-122349
-195935
-281797
-385550
-405751
-398294
-409777
-492283
-590241
-602108
-621061
-607165
-717924
-729402
-592501
-511863
-548042
-502556
-460546
-373947
-300902
-225175
-134163
-86640
-142935
-310772
-357685
-264281
-143645
-122800
-192185
-278291
-359824
-429835
-424216
-400608
-406194
-502927
-595243
-579932
-576312
-584421
-834290
-811638
-671853
-604025
-601001
-553295
-500390
-403205
-313585
-245182
-127963
-55399
-85855
-233017
-310474
-239441
-186181
-194070
-278433
-347176
-425052
-465041
-422289
-418301
-436112
-550240
-607010
-554216
-508179
-540014
-996534
-947788
-807309
-769240
-755587
-652531
-569972
-470195
-367010
-279179
-139495
-68349
-86611
-242430
-307305
-264057
-225845
-269735
-341178
-399725
-440962
-463584
-428704
-434622
-494523
-613905
-639216
-564988
-488769
-499012
-1142720
-1103718
-944004
-893640
-916622
-819550
-702001
-545347
-463063
-353914
-180508
-112319
-120727
-289523
-334127
-295649
-290376
-352396
-409299
-428792
-496762
-520426
-459866
-441693
-510895
-658403
-693557
-602986
-478523
-470801
-1264867
-1240452
-1105865
-1009530
-1055115
-988661
-858429
-664220
-578325
-475650
-284546
-211056
-203828
-364913
-395341
-359071
-361540
-419877
-451565
-473047
-515747
-517240
-466566
-451957
-519035
-669877
-745001
-643799
-477634
-414149
-1414574
-1381607
-1256101
-1151541
-1188512
-1175373
-1047120
-839460
-687801
-578573
-381426
-308759
-305572
-468517
-490085
-453054
-458758
-493285
-501310
-488578
-520327
-524684
-507198
-504953
-578441
-719124
-792529
-702313
-483952
-380322
-1544454
-1510811
-1384957
-1275728
-1321656
-1340589
-1245644
-1016329
-806626
-682726
-498548
-411784
-397005
-529529
-573914
-516078
-517845
-524714
-523649
-505385
-547323
-560125
-560592
-569792
-648120
-781418
-828793
-722280
-469136
-333141
-1625201
-1609198
-1499500
-1383419
-1383424
-1421886
-1349062
-1140737
-945640
-812804
-640063
-526160
-465586
-570961
-600682
-534043
-533259
-548162
-536103
-535381
-565571
-597216
-631038
-663590
-736849
-851039
-885744
-752965
-481294
-294980
-1641930
-1672234
-1592984
-1483383
-1465615
-1473771
-1387581
-1192396
-991317
-868398
-723896
-604491
-502788
-551527
-581442
-526263
-562933
-576295
-561490
-559806
-602685
-682823
-736820
-771673
-837451
-942827
-952500
-788117
-502618
-299584
-1607623
-1669090
-1626790
-1533036
-1525898
-1483600
-1371251
-1205306
-1025777
-908820
-760903
-639454
-530826
-557740
-600301
-564939
-588296
-589915
-571380
-601223
-685028
-806859
-888675
-924957
-975922
-1035134
-1011869
-827470
-518841
-307532
-1558864
-1632491
-1599476
-1526914
-1540315
-1475912
-1353633
-1200824
-1044868
-951045
-838485
-719385
-600334
-596421
-631036
-600318
-626672
-598664
-609831
-705136
-821526
-928509
-999456
-1040984
-1107589
-1134135
-1037769
-835094
-533678
-307542
-1523828
-1618707
-1591857
-1538143
-1545700
-1490060
-1361878
-1231977
-1101746
-1020373
-936283
-815542
-686412
-637530
-691046
-690351
-711238
-668881
-691181
-817380
-943880
-1034802
-1086817
-1127069
-1174300
-1184610
-1091395
-858722
-533753
-299530
-1516506
-1609241
-1599964
-1575845
-1602785
-1542019
-1370132
-1280466
-1174683
-1099804
-1024132
-895698
-770439
-705717
-760614
-766120
-773785
-727125
-759860
-913157
-1071803
-1168603
-1172418
-1190098
-1207330
-1209705
-1093207
-883497
-577387
-358320
-1541375
-1638510
-1615214
-1614469
-1693578
-1673721
-1478032
-1331919
-1232652
-1181005
-1128592
-1001901
-854093
-771757
-825271
-813667
-817101
-794123
-885015
-1060634
-1218338
-1265880
-1207079
-1203468
-1219415
-1205900
-1060131
-878017
-621376
-441004
-1590805
-1666429
-1635058
-1654800
-1757340
-1783594
-1616886
-1432353
-1324204
-1283649
-1233143
-1100524
-952888
-854062
-885082
-879105
-883573
-908791
-1010877
-1148341
-1264127
-1292295
-1200266
-1175407
-1185082
-1169236
-999147
-855074
-665797
-520716
-1621911
-1709444
-1649592
-1655884
-1764537
-1800221
-1700167
-1532313
-1435866
-1401539
-1337958
-1202952
-1058557
-927629
-924969
-902991
-940306
-981950
-1091232
-1193904
-1269474
-1311127
-1211168
-1163488
-1147772
-1083469
-902548
-784872
-684861
-596885
-1665341
-1737187
-1662292
-1648886
-1732426
-1794022
-1746236
-1596578
-1511829
-1502122
-1421205
-1269381
-1126171
-980008
-953469
-950316
-996207
-1057246
-1177858
-1237773
-1328521
-1370444
-1269548
-1141434
-1063456
-970883
-811312
-723400
-712750
-674157
-1663797
-1727672
-1649568
-1653659
-1726966
-1794358
-1770840
-1642720
-1560007
-1530811
-1436268
-1260543
-1137005
-988306
-983747
-1012706
-1073670
-1175418
-1265308
-1308676
-1384389
-1394236
-1273550
-1116186
-1014823
-934042
-830155
-755158
-754489
-740031
-521347
-548409
-512871
-424956
-395424
-386440
-383157
-470761
-525682
-502445
-445421
-360309
-311885
-326337
-344421
-347602
-412362
-505547
-558359
-598938
-631747
-682390
-699571
-653534
-480981
-318609
-106041
49418
137768
96448
-543501
-568142
-539301
-470817
-445542
-430689
-431988
-504783
-551137
-538428
-494439
-432135
-381074
-397535
-421971
-430971
-502089
-571310
-600569
-628077
-659735
-696651
-727059
-691243
-495799
-296904
-73199
78904
140584
78392
-547710
-560077
-528420
-471289
-476273
-467774
-468190
-531541
-562279
-561061
-528372
-467158
-408153
-418421
-449421
-469363
-540977
-584696
-629877
-676387
-700694
-723391
-752005
-706872
-505710
-314624
-100855
67682
122405
55053
-526009
-537783
-484320
-450048
-474395
-485876
-505074
-551205
-559748
-567864
-543448
-484763
-436834
-439658
-465542
-479223
-537225
-597511
-653966
-684653
-690881
-697657
-716984
-661063
-477268
-318449
-115854
50163
91960
22142
-501497
-511570
-444287
-414955
-467283
-481745
-513362
-545974
-556619
-557187
-538125
-483391
-454516
-468028
-481192
-504733
-575344
-627328
-649856
-671560
-674173
-662995
-682456
-612508
-459566
-324273
-136491
19889
61995
-10696
-483571
-487664
-415222
-397663
-464527
-487835
-498668
-524636
-534676
-551474
-528694
-481371
-474797
-498668
-520012
-556853
-600113
-614941
-629663
-641046
-642206
-633330
-632637
-538552
-422361
-309500
-147003
-21261
30991
-35671
-480418
-474562
-390370
-382912
-460635
-479573
-485942
-509929
-529328
-540070
-505459
-465169
-496240
-534550
-546016
-568683
-588923
-599671
-600754
-608438
-629320
-601270
-573758
-468179
-377678
-280873
-126507
-46907
9711
-50489
-503477
-495543
-379908
-371009
-452121
-461533
-465493
-483143
-508268
-525858
-489580
-464806
-505079
-536574
-540964
-554528
-567429
-566430
-571397
-589115
-603736
-552207
-497036
-400877
-331110
-237330
-117240
-78392
-13698
-59199
-533806
-529997
-399636
-384955
-457087
-465761
-475382
-480079
-494513
-501676
-452608
-428281
-467790
-504039
-523398
-532705
-534158
-541625
-552298
-560826
-556485
-487930
-426702
-342062
-284581
-209924
-126424
-90436
-30299
-74163
-564858
-577191
-451934
-420870
-474065
-491404
-500595
-499179
-520728
-524765
-445186
-405067
-427162
-483904
-532671
-540876
-546692
-554941
-544840
-504959
-484936
-400669
-341062
-283320
-254583
-186774
-116190
-79279
-45874
-86956
-605933
-623534
-526435
-483818
-506472
-515551
-524556
-507184
-536597
-545242
-465346
-425200
-447797
-500828
-552115
-552755
-569941
-563640
-522480
-443171
-400042
-308371
-251617
-224937
-214402
-159355
-99817
-65613
-49804
-85081
-653862
-678163
-605098
-571119
-571561
-562897
-539698
-526796
-558195
-575221
-505318
-466646
-481415
-530646
-586055
-570209
-586649
-570847
-490336
-378942
-333380
-274159
-230458
-201800
-187993
-155347
-81875
-47386
-43254
-79567
-688014
-714140
-672276
-651656
-644533
-610302
-546781
-548581
-585879
-606193
-550065
-509638
-521808
-556173
-606804
-572338
-595899
-557038
-467741
-377927
-344403
-296185
-278383
-250279
-220392
-139961
-64089
-9570
-3508
-32676
-708116
-738996
-714862
-713043
-712649
-675961
-587251
-565774
-596439
-615634
-576846
-541461
-548847
-571447
-611746
-570616
-594145
-536473
-468357
-400059
-351411
-315652
-302364
-285585
-257951
-174181
-83884
-27949
8558
8032
-718820
-752494
-737550
-756593
-781730
-735237
-632452
-589967
-601043
-613105
-579839
-552057
-557507
-568272
-599414
-577304
-575620
-537766
-476171
-400485
-350006
-327988
-321873
-311050
-286179
-210571
-108420
-59527
-28940
-21834
-710693
-746917
-734715
-762357
-837518
-795922
-681947
-603341
-587311
-614335
-587944
-572692
-562568
-558901
-590942
-557807
-567640
-529092
-461852
-395270
-353352
-344696
-340157
-342146
-310794
-215035
-126129
-90920
-90467
-95195
-759724
-775626
-750519
-775202
-876089
-863885
-744264
-607114
-550772
-572860
-549479
-550128
-551611
-538530
-564706
-532196
-539692
-484658
-421579
-393606
-379421
-366014
-353968
-326842
-289679
-202843
-136796
-145162
-165643
-176432
-789270
-800112
-775324
-805850
-904576
-903846
-785098
-637845
-528064
-515956
-504177
-513511
-521363
-510390
-530873
-496383
-495429
-440748
-398004
-421814
-443537
-427320
-370645
-318211
-263933
-205906
-174657
-201772
-235064
-254236
-839738
-825156
-796166
-818065
-908883
-927504
-813854
-677635
-570340
-527843
-513077
-513661
-519462
-500800
-517219
-495964
-484915
-444885
-444687
-482864
-499890
-473180
-402786
-338277
-265428
-232529
-219436
-260172
-270584
-297045
-866455
-846935
-813527
-822305
-903629
-924288
-836779
-734344
-626282
-564314
-554748
-567293
-570720
-553071
-547758
-511960
-501737
-478860
-509101
-542299
-558521
-536759
-471469
-399661
-327148
-303583
-293114
-308957
-299708
-319050
-903501
-887710
-824502
-841658
-914753
-928691
-859125
-778074
-691440
-619829
-618735
-630302
-644207
-622850
-590198
-550791
-543103
-540767
-585033
-626042
-662498
-658708
-605759
-512706
-413726
-383821
-385678
-372805
-321914
-331889
-932106
-938428
-851895
-872489
-937473
-942197
-877746
-812442
-741374
-678043
-677591
-679458
-706611
-692814
-653934
-597882
-583172
-602673
-675241
-744535
-798099
-822810
-795285
-684607
-549587
-481007
-465319
-414168
-356441
-357707
-968768
-968761
-889376
-913639
-960110
-949488
-921014
-848183
-782075
-742980
-722457
-702560
-721785
-706247
-697522
-676729
-683744
-710606
-799276
-863418
-916765
-941466
-944594
-864523
-719627
-608104
-539735
-463056
-401134
-403728
-1001892
-979812
-916578
-964202
-998813
-960735
-942800
-871939
-807026
-767259
-754979
-730891
-737754
-718059
-722377
-739474
-761637
-805493
-919648
-991301
-1020447
-1010130
-1013361
-941640
-798747
-653791
-576323
-510080
-460609
-468319
-1049773
-1005841
-956832
-1013320
-1030540
-978904
-956000
-890002
-840500
-790452
-758475
-713914
-712924
-699168
-720344
-768857
-834326
-918511
-1030284
-1076299
-1063879
-1030837
-1034843
-989928
-847212
-658910
-571689
-537279
-503563
-513071
-1079962
-1032657
-994167
-1045790
-1041329
-999550
-968087
-901016
-869013
-826337
-776909
-719142
-710036
-709456
-756516
-830751
-919922
-1009765
-1104356
-1104498
-1075639
-1016196
-1018517
-991063
-869559
-680031
-575233
-565261
-542091
-568538
-511916
-515710
-443353
-384681
-356366
-318648
-241512
-162416
-184134
-272985
-223789
-171347
-170984
-212452
-292717
-265453
-204924
-134596
-129264
-152363
-206334
-152097
-91793
-114591
-185643
-139390
34061
-29623
-195802
-432835
-506046
-522217
-504611
-431602
-355998
-342203
-314993
-226418
-211267
-260853
-232748
-213830
-208060
-240387
-288295
-239041
-173858
-92085
-89998
-114295
-210436
-169055
-88300
-88166
-171948
-150681
22819
-31419
-206181
-490454
-492562
-521272
-518429
-471501
-379497
-361053
-356168
-282995
-254900
-296270
-270566
-259837
-234393
-229948
-229578
-192696
-180324
-111269
-113486
-123533
-208383
-136601
-15879
-3381
-106329
-111924
51168
-6590
-213755
-537503
-482992
-484662
-508739
-473398
-393358
-391134
-386188
-305062
-269018
-322370
-319539
-331611
-283919
-252482
-206864
-173786
-174655
-122664
-120245
-120926
-165203
-71352
67621
76153
-28263
-47362
97525
69804
-140676
-492100
-457731
-446334
-485269
-468658
-376497
-389956
-402953
-318543
-274530
-330578
-359683
-376543
-320918
-261402
-178720
-148924
-139953
-90896
-90679
-91063
-123713
-50015
85871
89507
-5838
-20829
136499
133128
-55485
-407089
-412067
-403227
-452970
-449275
-363368
-390730
-403937
-311647
-250120
-319183
-383367
-410777
-354091
-267040
-170153
-127315
-90381
-68214
-84519
-102180
-126838
-62975
70400
86843
-5593
-20940
125871
168138
27214
-290759
-359498
-352067
-437225
-417561
-333651
-367485
-403311
-299150
-228102
-280027
-379583
-426636
-371082
-261894
-147892
-91651
-56905
-68717
-92812
-107388
-136539
-84104
41353
67017
-1832
2847
123049
200406
118651
-153273
-319352
-307656
-393132
-391938
-300937
-356999
-386321
-286636
-213464
-250845
-359345
-410439
-351116
-238009
-131702
-61741
-47754
-68272
-80182
-96990
-128624
-86831
34938
76486
30246
29590
113055
198327
167043
-54678
-298765
-268808
-369151
-367789
-319792
-396675
-413845
-291326
-194756
-218998
-320223
-376661
-319748
-214036
-102948
-31119
-52554
-69843
-82367
-87013
-106016
-38578
81985
129035
87985
58571
103816
190133
205944
42578
-295590
-268725
-343276
-351098
-336555
-442101
-441819
-316906
-207780
-222293
-303999
-354305
-314773
-232842
-119510
-57830
-82577
-94346
-80409
-65416
-56422
10425
128186
162696
117165
85571
109590
199981
250195
122218
-325323
-301420
-370273
-352329
-325343
-451141
-446122
-330362
-218983
-245000
-337260
-391024
-359959
-276456
-147601
-92363
-103482
-85671
-42607
-6475
26333
99065
188280
196296
145418
113813
118050
207397
288297
176838
-358155
-349336
-397137
-385872
-340143
-421947
-415918
-315662
-208073
-242044
-349633
-403733
-366568
-289266
-172015
-134086
-124524
-64151
17130
59822
81771
149846
223704
215038
151839
130396
146022
230369
268297
196993
-373658
-362956
-411785
-397914
-336907
-410922
-375760
-269866
-200178
-228672
-330673
-389649
-361098
-305075
-209893
-163852
-131746
-23809
72986
97496
114336
152246
219334
215721
170728
146255
147931
231689
294260
221135
-385122
-372411
-426196
-403429
-339988
-379255
-337041
-238747
-194043
-219932
-312364
-364477
-355336
-316713
-221303
-170718
-97092
46482
141779
131733
116104
141228
198060
178657
144970
134376
154957
232062
287967
213725
-390121
-378624
-427125
-406779
-356291
-364694
-304346
-202539
-172441
-210809
-291652
-349843
-336560
-298691
-199518
-120582
-22369
115554
172350
127582
120268
151396
189631
167043
126253
127905
137129
182971
219575
156387
-417164
-402356
-406118
-384992
-370357
-347685
-274248
-162077
-134920
-181126
-263743
-326549
-311303
-269234
-159775
-69087
34872
136486
158051
111704
116440
160809
192430
164125
143397
139526
132351
136550
139139
73010
-464307
-445128
-407810
-380956
-381622
-340681
-252304
-127262
-88214
-140013
-223006
-295914
-271470
-231120
-128161
-42826
72290
154323
143922
92664
86409
152183
213074
192973
182861
162530
120715
95814
64806
-14901
-484757
-487312
-462010
-416237
-389425
-329642
-250576
-102052
-37702
-94949
-183450
-256309
-226109
-204719
-109034
-22686
92370
148588
95529
24858
20702
113241
223062
229196
223337
167469
104070
70216
3193
-79169
-500119
-519384
-491182
-475798
-437511
-335200
-263426
-101508
-53678
-95486
-158546
-227206
-198789
-186043
-110080
-28955
67429
81376
26434
-44223
-49536
53586
186957
225723
218904
167805
78363
47971
-23762
-113914
-488601
-517047
-522577
-528227
-490554
-393078
-310259
-117462
-72892
-102533
-159179
-219991
-197837
-208786
-153435
-61158
18052
13343
-45553
-116240
-120358
-22183
123311
206464
192474
119161
42978
22740
-62386
-163785
-517244
-517131
-516028
-541080
-537602
-458417
-361551
-145404
-81885
-99290
-164438
-223989
-201350
-227755
-186520
-114553
-36068
-44899
-125038
-199623
-219660
-127847
41631
174960
154442
60272
-39521
-34777
-97434
-184099
-567868
-530431
-499820
-503683
-512039
-475666
-400368
-183184
-106461
-95828
-149958
-195250
-198617
-258331
-242726
-187742
-113954
-125195
-200788
-277871
-299837
-222339
-59952
115346
128951
15631
-119558
-123990
-141765
-204738
-626882
-572418
-546415
-479046
-486675
-474137
-405743
-222424
-136761
-102588
-151847
-210477
-239938
-317142
-323055
-277493
-205238
-187388
-235405
-321412
-366755
-294020
-158131
26814
67512
-37268
-179478
-180544
-191497
-239464
-728223
-603810
-601700
-518914
-474470
-460912
-403457
-260125
-189114
-141089
-188981
-271151
-292609
-375247
-379989
-364030
-307254
-251756
-279651
-370809
-418468
-370515
-236002
-67948
-7350
-72299
-215259
-239103
-230822
-277917
-896634
-730988
-674746
-587431
-511604
-489592
-422297
-308296
-255358
-228777
-252970
-323044
-358639
-436380
-474077
-475579
-396869
-310203
-322672
-403939
-462931
-420268
-289289
-162057
-79824
-111715
-229465
-271875
-249871
-283154
-988067
-867451
-767927
-663975
-588966
-557860
-492654
-356844
-314159
-306303
-329282
-372319
-401901
-476157
-564692
-574833
-470733
-352192
-362218
-443416
-487726
-448071
-341885
-253339
-184061
-184166
-273010
-303719
-259454
-270965
-111439
-121713
-97423
-114886
-142406
-127420
-90633
-97279
-124963
-200463
-241265
-231282
-222146
-209211
-205387
-245466
-331620
-478803
-554642
-552557
-504666
-501365
-491734
-460439
-464936
-415882
-393082
-450516
-492236
-474072
-95468
-82639
-85990
-89305
-124838
-124147
-106620
-114608
-153058
-223977
-268274
-258169
-244086
-242163
-265211
-316160
-403587
-520732
-575590
-529868
-474258
-471509
-461428
-436772
-467209
-445736
-413623
-443232
-502878
-508894
-73554
-59266
-54376
-79448
-96467
-103270
-106131
-126750
-179037
-254800
-305287
-297589
-271467
-278107
-325868
-390650
-481009
-560674
-575606
-496052
-420674
-399933
-366136
-334328
-383105
-406919
-375817
-422558
-494190
-531102
-64066
-38762
-26823
-43894
-70546
-78691
-88146
-130240
-193079
-273176
-332041
-324793
-293795
-302809
-383209
-450796
-519075
-562629
-537452
-424591
-345959
-308360
-263423
-241245
-291473
-314263
-259623
-320241
-423202
-513037
-64111
-27632
-12154
-26947
-33323
-50905
-67090
-117863
-195109
-272308
-329487
-326205
-304961
-324838
-395576
-446032
-479748
-476544
-430296
-335594
-267899
-240278
-214343
-199270
-243375
-234884
-147835
-201067
-307893
-441420
-78267
-18007
1505
-19581
-16048
-9437
-36084
-87512
-182995
-270314
-323819
-321336
-309732
-335652
-391831
-413923
-406026
-388680
-347867
-265874
-222207
-202903
-183461
-188880
-228278
-207626
-94448
-127018
-208318
-331773
-89069
-9885
25642
-8199
-3185
14331
-16290
-67279
-146536
-234864
-291589
-290212
-289811
-321388
-359134
-363791
-336855
-324695
-293029
-230703
-210048
-199737
-182352
-189408
-231664
-215696
-95299
-77083
-122761
-231405
-99313
-6897
44036
3817
3860
25324
11250
-39117
-115223
-192219
-244112
-243353
-253269
-292153
-320495
-317299
-291341
-284922
-269437
-225906
-208161
-194344
-179130
-204146
-246124
-232924
-113966
-59837
-75429
-178168
-96921
-3776
29148
2597
-3160
9417
10976
-13240
-98577
-175224
-219458
-222520
-231066
-271278
-285830
-271681
-261348
-274338
-262082
-220490
-199721
-192367
-190861
-222847
-271134
-260972
-133581
-61966
-45366
-123613
-103869
9867
33172
-18605
-22274
3820
-8152
-29599
-95903
-165617
-200982
-199650
-211205
-255263
-257351
-255817
-258299
-268626
-254529
-220595
-220358
-206016
-200893
-237619
-298191
-287851
-170884
-87666
-30528
-90209
-114919
10338
35196
-29466
-26468
2972
-12685
-47587
-101290
-163480
-211271
-209911
-202324
-235437
-243617
-254109
-259656
-276329
-267745
-265352
-258573
-233374
-235929
-286558
-326121
-310258
-210709
-130239
-46341
-56521
-148220
-15563
14095
-37748
-46180
-9395
-7592
-72021
-128419
-169888
-222961
-231503
-223101
-247703
-248392
-257622
-273647
-288136
-290533
-287332
-289623
-283622
-275171
-321055
-378623
-372683
-267049
-153441
-36289
-9369
-173286
-56100
-17461
-53773
-58728
-24600
-16357
-78163
-146779
-190850
-247211
-263350
-249283
-256185
-252869
-263989
-285192
-300102
-300991
-310043
-311974
-304149
-296373
-342235
-397112
-385902
-302712
-155329
7696
68604
-194476
-87976
-53673
-65311
-77802
-37132
-17008
-76600
-155381
-203285
-265169
-283461
-272039
-270782
-256381
-267435
-287385
-300730
-309981
-320290
-324240
-306247
-289602
-331479
-384519
-376061
-292218
-150091
32551
115818
-216924
-121106
-73654
-86929
-95629
-54554
-17550
-52257
-135864
-191085
-259998
-292254
-278810
-265952
-244384
-245261
-268626
-299069
-310020
-328295
-329188
-310159
-282832
-306387
-363707
-370553
-275647
-141080
48745
142205
-203310
-123835
-82188
-92865
-110823
-71362
-21329
-45643
-124189
-177719
-237901
-277176
-271186
-244766
-209593
-228608
-275833
-314168
-342484
-366133
-361468
-319587
-275790
-295943
-352747
-360563
-252267
-124363
53295
123377
-210627
-121735
-78186
-83303
-112881
-86023
-16715
-21123
-107094
-193588
-273215
-307452
-278621
-242812
-201355
-249647
-309654
-348702
-402927
-414529
-386087
-331994
-287421
-299065
-351261
-361701
-242946
-96617
45164
80392
-219386
-132351
-72652
-81997
-137267
-103237
-26084
-15395
-98321
-189275
-291869
-325710
-287114
-237502
-205441
-281993
-360315
-424057
-476483
-466363
-423057
-368294
-325525
-322900
-371168
-371855
-231804
-50528
39712
10889
-185187
-126682
-44846
-67745
-126070
-95577
-44605
-29742
-105491
-201049
-303044
-331249
-291284
-233548
-236038
-338699
-443189
-509248
-544356
-528069
-472762
-413252
-360904
-351777
-389111
-386992
-217055
-9040
44213
-31621
-186132
-132357
-61163
-42250
-64927
-30884
905
-6580
-84199
-174973
-297589
-330124
-283979
-234046
-261646
-380948
-493034
-565610
-597396
-591787
-521850
-456614
-389644
-367092
-398396
-381800
-189778
41195
61958
-51860
-152173
-121721
-63477
-43845
-16838
58379
78957
43105
-56324
-152844
-271202
-296132
-263844
-249427
-315518
-441662
-537151
-615477
-654349
-640094
-554173
-473016
-390176
-344579
-372163
-333371
-145714
85575
97831
-54523
-130517
-68242
-17878
-15949
15605
96826
152332
126914
-17571
-128490
-248730
-276115
-269733
-282204
-373692
-489399
-586026
-659261
-693624
-668920
-568631
-482644
-368403
-299480
-302397
-270358
-62574
142547
148145
-37426
-156527
-33234
39187
45598
48554
128032
192716
189207
21032
-107594
-227660
-249667
-259996
-304701
-423431
-558731
-641418
-686185
-700179
-675809
-568873
-454677
-332302
-239855
-220222
-190507
8331
191094
181755
-17942
-254976
-64762
42184
90268
98889
144973
201761
191478
23244
-105350
-217795
-257464
-268737
-319519
-456062
-610805
-690486
-712019
-723805
-691920
-556772
-431314
-299975
-183442
-129867
-83022
76967
217014
197010
20887
-418942
-155146
26634
113444
132496
119953
165175
158738
12203
-126462
-248760
-302350
-315847
-349070
-501126
-663338
-750627
-758389
-775418
-729626
-597902
-461832
-314802
-134387
-32232
30831
141976
236351
230142
100344
-659721
-348025
-100492
80369
122464
83896
90948
78199
-40360
-140308
-273500
-334979
-338686
-388002
-543691
-697324
-775376
-793364
-803181
-758018
-617971
-471708
-320930
-69895
67416
124206
187302
258623
276304
193878
-606192
-653146
-742883
-826608
-828165
-859323
-826992
-654550
-571850
-632555
-732728
-821003
-868336
-866833
-827635
-708563
-500389
-324269
-347449
-448460
-554157
-439777
-242449
-168656
-259205
-345356
-441779
-500129
-437280
-265376
-643006
-680350
-771425
-870884
-865889
-857896
-800062
-667944
-627509
-688372
-752813
-841594
-893434
-875563
-801742
-644684
-433769
-335697
-369912
-446890
-537859
-436767
-235373
-163458
-269780
-389951
-501480
-537019
-447956
-267266
-653802
-703872
-807381
-926874
-898691
-840091
-771640
-656506
-635992
-699809
-747985
-834925
-884624
-841905
-722328
-535806
-353067
-306149
-336786
-427748
-524835
-428351
-231744
-172731
-311194
-475275
-577596
-565893
-442196
-253701
-671223
-715989
-844007
-945055
-896404
-823101
-764548
-644512
-617687
-661897
-713537
-804732
-845625
-781370
-656013
-479391
-313459
-287609
-337408
-402035
-499856
-411394
-218508
-196545
-367313
-557566
-621637
-555054
-412566
-222892
-716547
-714281
-829111
-946139
-885843
-822107
-750132
-634315
-602556
-635876
-684456
-770537
-804324
-730556
-605003
-437583
-305238
-295563
-318637
-361461
-449277
-375266
-202526
-212852
-403251
-609489
-629764
-532264
-370140
-184843
-777341
-715849
-801119
-905920
-858045
-791398
-743018
-620417
-569152
-601882
-635637
-714014
-742342
-653245
-522695
-388526
-307823
-296282
-307340
-331622
-414519
-348361
-187749
-217049
-400701
-604719
-635856
-497172
-336382
-123118
-835691
-748717
-793102
-867487
-803247
-765479
-725865
-590363
-506069
-548058
-576968
-649975
-662512
-566142
-449853
-343818
-307567
-304717
-321652
-357768
-420303
-368592
-238436
-235873
-376190
-578865
-597887
-468038
-302167
-73710
-888761
-798122
-822390
-850991
-759212
-727695
-697414
-577274
-482720
-512458
-525598
-568159
-584702
-494800
-413100
-313100
-315519
-327844
-358365
-382242
-437256
-387248
-276377
-271614
-373346
-538432
-561848
-455125
-291929
-54453
-925007
-851122
-864849
-869308
-754162
-722044
-681263
-570391
-466386
-482288
-488249
-516254
-529667
-477420
-400505
-308136
-344197
-348759
-388887
-408404
-446111
-406996
-326921
-315304
-382898
-524962
-535338
-442159
-303612
-70751
-906708
-851490
-892114
-906707
-791934
-754169
-710374
-601521
-503368
-509984
-507586
-509124
-527250
-509289
-420987
-355645
-392701
-396740
-411829
-425960
-457095
-440396
-372483
-381878
-401431
-494867
-523642
-463517
-333983
-115798
-862371
-819893
-873219
-947651
-865916
-820116
-758505
-655319
-538273
-536548
-532175
-518270
-554517
-580844
-473011
-402688
-435493
-402572
-400884
-432740
-457860
-439246
-389878
-396999
-392950
-480892
-528352
-488104
-388599
-196995
-786511
-760252
-818548
-906840
-878387
-854601
-824912
-721906
-596909
-562245
-554900
-548879
-593163
-646715
-516254
-441171
-449785
-405300
-407056
-469641
-495517
-450963
-360748
-329034
-342656
-475629
-552449
-529920
-442830
-274722
-690230
-699620
-754011
-843390
-825167
-854998
-871586
-788117
-661320
-603604
-582864
-567742
-617694
-701545
-571670
-478971
-452740
-429572
-430322
-494749
-480420
-420240
-323390
-260523
-294530
-454525
-568159
-544804
-478794
-331205
-586413
-634245
-691321
-779835
-771798
-836861
-923835
-859832
-721134
-654351
-632997
-596511
-623708
-738831
-643898
-560708
-479801
-431455
-414922
-456395
-452835
-392588
-311540
-277793
-320438
-457154
-556778
-544916
-486198
-369284
-502249
-554641
-616679
-703752
-720758
-829650
-958215
-915774
-788302
-719653
-704458
-651834
-645729
-769594
-716748
-625009
-499347
-422039
-381008
-427590
-427351
-380244
-331642
-298335
-337633
-472864
-567509
-563957
-520077
-419555
-452030
-502702
-567199
-635598
-655929
-779498
-950913
-934244
-851712
-799026
-788093
-719041
-681537
-794268
-764274
-667187
-522536
-433505
-393550
-414840
-416467
-389811
-342782
-320156
-356378
-503273
-584058
-589815
-536265
-459585
-466063
-488942
-535925
-581929
-624377
-737091
-925008
-922302
-859197
-811874
-815824
-753387
-683447
-772593
-754588
-690736
-574174
-496610
-443166
-423407
-410992
-408881
-389805
-379434
-409581
-538617
-609432
-601845
-555787
-505162
-560746
-532227
-546454
-555757
-592555
-694687
-858938
-874566
-825691
-802496
-798859
-732073
-647593
-723755
-745990
-728439
-638027
-569442
-504260
-438742
-450586
-486608
-499129
-480088
-492859
-575746
-636493
-612271
-568756
-536146
-652351
-605031
-586062
-548284
-602451
-659642
-799204
-805333
-749287
-754152
-767484
-699005
-599386
-659642
-682335
-715302
-663455
-633520
-578266
-526794
-529524
-552294
-563972
-543511
-576062
-656947
-691360
-640900
-580038
-535183
-693755
-666232
-650962
-614428
-647214
-658704
-768221
-744777
-678938
-681549
-695166
-647822
-551297
-602272
-629500
-710475
-719245
-706844
-645048
-584720
-564794
-560191
-590027
-594204
-644989
-734530
-790579
-719478
-608033
-541099
-729083
-683007
-678742
-650357
-682666
-701714
-768379
-691568
-602263
-581156
-584794
-553563
-487957
-545153
-567583
-698950
-720728
-694584
-645388
-592121
-576540
-592584
-604997
-623120
-696958
-797139
-877709
-801587
-681420
-596572
-789931
-734814
-702959
-672914
-689981
-729781
-783509
-667899
-524492
-490908
-493601
-486511
-430046
-479066
-550051
-701011
-706946
-662975
-639797
-638588
-603228
-576514
-597314
-632853
-732604
-854093
-935212
-857052
-718734
-647389
-870460
-800895
-755165
-710221
-687212
-726521
-791900
-670643
-524558
-456839
-461530
-475458
-410121
-433929
-535995
-671434
-677062
-646426
-654334
-657748
-626212
-601918
-602555
-631627
-739099
-866172
-956915
-874113
-728477
-665229
-941904
-869819
-815715
-738365
-693833
-747296
-800945
-696060
-559821
-464134
-444592
-473193
-411548
-428511
-522105
-643553
-647304
-619012
-663034
-698697
-665829
-620229
-601955
-614655
-692805
-808623
-883198
-823220
-698755
-653720
-1027344
-933643
-889235
-823738
-754783
-788329
-851107
-785939
-637270
-516325
-478658
-507547
-457593
-462408
-520546
-608341
-609447
-617753
-693860
-733226
-708432
-659146
-641787
-632885
-661242
-702847
-786840
-750681
-673099
-640366
-1082851
-1008849
-968862
-930826
-848145
-859092
-926308
-919155
-768138
-616777
-575114
-603509
-545515
-527224
-560311
-599981
-603552
-655130
-709628
-750272
-742100
-714543
-691910
-647471
-629799
-653722
-715971
-708383
-654344
-626193
-158463
-255012
-286466
-401412
-495124
-487403
-386561
-344381
-291544
-263352
-312638
-280131
-177235
-74927
-46070
-34222
-11136
-18527
-89567
-222518
-335341
-445884
-525344
-597795
-648727
-706871
-809843
-883891
-873797
-699477
-144269
-222122
-227139
-390291
-531858
-522789
-354962
-319636
-297096
-275400
-305278
-263796
-170895
-99134
-83158
-64765
-49914
-85683
-159675
-270466
-355554
-445652
-502990
-563870
-623849
-690290
-811302
-900110
-901960
-722345
-136140
-205830
-198936
-372379
-552386
-542098
-355572
-301701
-285321
-282455
-326722
-286231
-200832
-149121
-121409
-84057
-73287
-115500
-159440
-247038
-316832
-403282
-450414
-484009
-516482
-597660
-774374
-919503
-937527
-754680
-148596
-193823
-176167
-346460
-552485
-544668
-366934
-298914
-288474
-297649
-343906
-298865
-216450
-163637
-135673
-108037
-87132
-94367
-108566
-198044
-272492
-343679
-388844
-405939
-421728
-474251
-670763
-883981
-922557
-752943
-164795
-196375
-161813
-326653
-531215
-518501
-348941
-288950
-286637
-307200
-337555
-285067
-213444
-159082
-134279
-83700
-29977
-26298
-56283
-155308
-232939
-304524
-351099
-349404
-382471
-443783
-619091
-834141
-884589
-752792
-191763
-207045
-166243
-299266
-479447
-455001
-308516
-280359
-289357
-312484
-320927
-259279
-202552
-139188
-107193
-29251
17793
13545
-36357
-137082
-215043
-276295
-316225
-318922
-381571
-455707
-617414
-815298
-880076
-778944
-222726
-213683
-171927
-293860
-448908
-383524
-248487
-238886
-267267
-300343
-286985
-217439
-160650
-109382
-84874
2336
40197
16834
-44870
-129661
-191541
-229034
-273529
-313991
-416291
-512249
-650441
-806308
-875497
-777665
-260545
-243362
-188349
-283586
-419421
-325639
-198688
-207208
-243200
-281822
-253140
-183914
-126170
-80254
-43835
27918
35572
-6500
-57123
-134637
-164910
-196845
-231781
-311547
-451219
-555597
-661279
-800631
-875777
-771924
-268987
-243196
-191396
-269463
-357041
-253213
-156931
-186059
-230821
-271063
-225419
-168082
-114344
-67389
-26781
36908
33589
-13410
-67875
-131418
-173772
-199150
-252136
-360823
-476018
-559130
-645314
-781318
-857942
-745892
-269617
-242478
-197263
-250771
-307516
-171488
-109224
-153854
-216576
-281462
-251204
-193150
-105057
-37056
8097
43376
11428
-47268
-93184
-143822
-185557
-221046
-277286
-370732
-494612
-562834
-632530
-740916
-816789
-712129
-269972
-251303
-200505
-244216
-302395
-160869
-78371
-116859
-191336
-264802
-243003
-208269
-132395
-44439
11719
39229
-15153
-68193
-108565
-156839
-201962
-251223
-292045
-373302
-486646
-554506
-629866
-729924
-787289
-665569
-267356
-252128
-216280
-254507
-313905
-175949
-103075
-114347
-184729
-243643
-243785
-234828
-174426
-52527
27518
55843
-14765
-75983
-148798
-186291
-238645
-271693
-308351
-374518
-454614
-540377
-635411
-725494
-760412
-622860
-264606
-255914
-222567
-281902
-337800
-199728
-127167
-127802
-193458
-244139
-254775
-259109
-203522
-50495
41501
78525
-13428
-115665
-180649
-231364
-271436
-282551
-317592
-386888
-463075
-515621
-629819
-734444
-767064
-606499
-272958
-285906
-244902
-312380
-368374
-232981
-141761
-151404
-191317
-231132
-247128
-273275
-223385
-43119
70681
89578
-56362
-161630
-228170
-260095
-282874
-299680
-329554
-371278
-435672
-510033
-654977
-763095
-762000
-606800
-293555
-321122
-279495
-333924
-371424
-249304
-147463
-173552
-202877
-227657
-256357
-276688
-221279
-17016
90901
47446
-126739
-214811
-263058
-281651
-310095
-319068
-322298
-350419
-403381
-502818
-665137
-733686
-704545
-583697
-315997
-350921
-318396
-366337
-375421
-267863
-172036
-210878
-221303
-234663
-274988
-296473
-217129
4085
70664
-6741
-176926
-258733
-303230
-324627
-340743
-327745
-309431
-327790
-378221
-510973
-683963
-715125
-632331
-509958
-337700
-388843
-367277
-396730
-382380
-302533
-249871
-287897
-272418
-250245
-298608
-311196
-232025
-7476
20973
-46041
-224733
-330663
-359497
-353381
-346119
-341701
-324023
-340103
-411726
-546755
-688641
-674966
-558860
-434119
-348134
-393195
-389835
-407744
-392159
-365242
-328201
-366201
-342798
-296791
-335781
-343406
-263998
-34623
-11481
-84065
-276596
-388202
-406320
-371569
-358196
-368948
-386761
-395557
-467133
-569089
-689135
-629348
-488725
-375018
-338949
-382561
-402157
-409737
-393101
-409188
-392482
-449319
-419098
-365019
-405078
-386031
-304720
-84534
-65289
-108539
-322037
-442515
-468573
-425262
-397680
-421645
-446064
-460034
-516340
-598482
-673337
-585015
-429855
-343026
-341962
-351810
-377650
-374328
-362477
-423292
-426203
-500411
-465932
-430571
-453489
-410555
-332484
-133702
-97109
-125172
-346716
-481905
-512787
-475465
-444492
-472154
-510348
-512047
-545879
-606726
-651307
-560565
-386940
-304850
-364894
-358861
-378125
-366680
-344164
-420672
-445237
-549774
-522845
-491486
-475331
-394280
-317212
-172378
-127547
-161072
-354759
-493288
-524697
-489526
-465298
-504630
-544497
-560850
-577659
-593896
-598948
-522152
-361182
-273501
-427210
-377908
-371034
-368122
-328893
-369022
-416179
-587347
-568416
-533648
-475281
-374558
-293573
-160688
-140010
-184120
-368129
-488515
-523518
-498173
-451889
-486056
-557852
-597863
-608603
-587155
-558201
-469825
-309243
-234566
-495589
-418458
-392684
-382165
-316384
-313933
-361529
-590792
-613978
-554993
-442673
-312545
-247765
-139954
-152814
-210885
-387395
-501295
-512963
-458817
-398348
-443948
-543668
-606136
-627086
-577799
-520937
-436830
-282307
-203653
-562796
-452232
-399171
-420111
-357839
-287486
-312068
-540428
-615387
-563616
-419183
-257414
-194816
-142536
-169465
-249253
-422188
-501683
-457636
-400758
-352396
-406537
-539089
-605441
-623776
-556549
-479144
-370675
-242690
-178103
-658475
-503857
-415892
-438610
-394362
-287417
-287249
-494763
-603756
-543970
-363461
-190079
-154774
-156527
-214835
-303302
-437101
-469840
-386775
-347875
-335558
-419641
-551704
-613877
-613793
-544892
-423451
-289840
-198557
-156075
-751744
-573245
-420662
-448582
-427313
-301162
-295491
-489115
-612884
-530266
-329701
-170468
-161647
-181564
-252074
-339486
-433265
-390783
-300337
-318455
-352871
-438943
-552084
-608994
-599300
-528962
-371201
-219316
-134577
-120828
-275018
-259271
-304456
-287756
-205355
-206287
-236534
-271462
-304225
-250035
-254312
-232406
-209460
-196699
-134082
-153254
-252434
-365911
-498411
-615615
-746005
-783464
-763770
-707799
-682330
-726340
-793165
-773629
-665671
-691985
-274005
-278403
-318299
-314952
-239825
-221816
-251445
-293166
-320148
-285277
-280065
-252960
-238480
-231094
-200379
-242214
-340591
-441146
-551408
-657220
-781631
-806782
-772456
-717099
-673894
-671694
-741993
-749223
-656876
-702016
-261170
-271659
-312799
-326734
-285687
-253652
-268628
-306055
-340809
-314203
-295530
-273068
-243958
-241145
-248215
-307146
-414732
-503995
-606192
-698676
-783243
-742425
-680607
-625059
-553830
-543046
-622877
-666280
-631573
-695266
-273654
-267289
-288865
-317800
-301348
-284701
-283117
-311000
-361911
-354312
-329904
-312277
-277944
-263159
-280204
-343640
-439499
-535816
-618854
-675954
-685029
-617178
-552451
-503946
-430589
-408985
-473482
-519459
-548523
-660525
-269841
-277943
-267991
-298954
-301417
-305476
-294949
-337308
-373572
-369344
-344715
-335264
-298725
-274693
-273337
-320656
-405357
-485415
-554294
-599695
-585213
-511192
-453403
-408365
-346497
-319072
-375127
-423436
-466996
-590860
-278859
-289346
-263686
-269772
-298730
-308832
-311696
-357599
-378366
-362640
-331292
-332192
-306990
-271201
-242041
-283705
-359875
-436132
-496300
-521494
-481573
-414712
-370304
-338815
-303599
-292049
-349997
-391938
-441777
-534400
-304203
-297472
-261152
-285548
-296343
-304163
-299224
-360602
-380325
-340350
-303075
-308920
-301396
-253277
-224159
-249547
-334560
-400754
-450875
-471322
-426597
-377387
-341551
-331373
-308934
-278364
-310088
-371653
-435966
-505170
-315752
-299191
-261170
-289132
-312882
-302338
-293667
-354298
-381597
-329373
-293985
-306975
-294586
-217819
-205663
-239402
-325204
-377526
-423928
-429704
-386967
-358201
-355053
-369694
-332265
-283069
-284230
-353414
-428930
-482359
-337003
-315647
-269553
-293141
-328422
-314772
-294701
-347270
-363558
-308777
-281692
-305126
-265133
-191935
-200570
-247234
-329999
-366622
-402968
-388094
-370696
-359307
-353857
-347077
-313427
-301221
-290634
-331172
-410285
-457643
-354069
-339617
-292674
-322978
-350747
-335328
-321835
-363368
-357243
-305452
-277825
-294419
-246703
-186633
-215991
-271830
-338187
-362481
-373524
-362396
-374257
-360804
-324720
-314082
-295937
-307430
-281761
-314264
-375909
-401369
-373012
-342165
-291040
-332925
-376770
-344068
-341044
-369138
-355123
-320516
-302780
-309891
-240297
-184128
-228277
-302028
-346620
-357824
-367354
-358246
-363230
-345311
-293971
-261403
-266350
-297796
-276016
-284512
-310266
-313709
-373865
-344630
-295955
-323500
-364164
-348685
-361354
-355913
-349431
-336003
-347570
-350946
-257022
-196046
-232518
-316656
-344125
-358998
-366579
-343830
-340810
-320857
-270354
-213955
-213521
-258855
-252967
-263161
-245649
-233511
-382231
-341949
-299463
-311919
-333594
-321795
-357442
-343247
-336191
-351742
-377582
-363137
-254025
-191348
-216954
-300876
-330764
-354004
-359079
-333198
-317064
-304597
-273538
-232161
-240930
-253390
-223301
-210642
-161103
-128593
-380680
-320925
-274891
-293439
-305737
-283152
-344934
-358686
-356899
-361044
-376320
-345212
-238270
-176584
-191403
-274352
-293435
-327756
-327440
-300048
-297178
-310009
-284426
-244184
-286790
-311803
-256710
-179624
-119592
-80186
-361049
-282824
-248003
-257456
-272559
-255935
-353395
-392601
-394886
-380644
-400222
-355792
-228432
-151993
-172720
-277277
-300370
-321961
-307834
-294007
-302385
-311806
-277796
-257715
-302204
-340687
-290989
-207964
-161128
-98451
-360067
-249308
-233326
-244705
-254697
-250186
-326723
-377230
-401045
-393885
-410300
-371531
-231558
-136106
-164518
-272708
-277486
-289937
-293453
-296928
-320757
-318610
-271420
-260306
-304568
-337567
-293700
-228661
-190623
-118874
-383616
-266808
-233689
-244845
-237484
-249675
-300536
-362356
-396727
-394340
-416294
-372176
-236966
-126150
-128911
-244799
-252626
-276709
-282054
-273803
-314566
-323955
-266751
-247980
-290223
-314455
-274284
-234809
-196398
-117563
-409614
-315140
-281871
-256309
-236311
-249606
-291675
-338238
-371388
-379049
-403643
-372695
-239605
-109696
-80791
-194007
-218065
-241652
-249005
-244736
-294336
-308776
-241658
-207308
-248162
-279905
-240137
-218937
-185505
-90604
-410180
-348273
-319843
-275905
-251286
-258148
-301676
-348943
-362168
-360571
-387406
-367984
-237372
-76543
-41502
-150363
-196374
-221727
-216654
-201369
-244653
-270415
-215238
-149946
-185223
-231386
-200109
-188598
-147432
-54845
-402528
-381599
-336161
-279339
-259515
-265203
-313845
-345954
-345297
-327792
-352942
-349077
-230230
-46070
13241
-91544
-165156
-197790
-186489
-166183
-203279
-221746
-174592
-96282
-129580
-168825
-160452
-154706
-114610
-23287
-422583
-396067
-372342
-284066
-231394
-250839
-320312
-347411
-321756
-300120
-309354
-308609
-189118
-1489
55052
-30527
-120867
-177666
-167918
-160083
-200789
-220652
-168249
-97517
-100436
-128800
-111966
-105040
-83349
-36367
-449878
-397601
-382739
-298742
-213648
-208759
-286955
-360726
-318785
-275989
-267973
-277670
-151383
39920
109514
3809
-102233
-168740
-180892
-173934
-200038
-216464
-175753
-113630
-103016
-107281
-85972
-70519
-59589
-33875
-456424
-415580
-389231
-321626
-219462
-196835
-274110
-354593
-314128
-245262
-216501
-213273
-101189
68827
115658
14854
-86382
-167106
-215565
-185754
-185621
-217430
-215655
-139373
-112250
-99223
-62887
-36215
-43336
-44628
-447502
-409047
-384066
-326799
-230163
-189537
-252570
-328268
-294775
-234366
-193040
-145257
-28458
115094
113010
11964
-94572
-191635
-224967
-183525
-184200
-217260
-224399
-152158
-116801
-86818
-32138
341
-19220
-55108
-406915
-378501
-360895
-320029
-227136
-160910
-205497
-290447
-280664
-211884
-162592
-91481
13846
100863
92352
9522
-111950
-213197
-210644
-167305
-186792
-232522
-251155
-170843
-134328
-67187
21551
64331
26088
-47131
-389891
-367855
-342539
-325890
-229140
-135691
-175788
-260930
-230643
-171726
-133118
-41930
67381
125131
96785
22752
-136394
-240602
-211326
-148923
-178151
-236678
-260919
-190090
-149501
-37028
82337
122794
59100
-63554
4189
-138457
-268474
-315731
-315938
-341965
-307037
-244591
-297153
-483434
-611259
-688174
-680632
-604520
-581552
-456209
-319129
-298981
-362689
-431861
-426652
-395731
-306117
-261032
-224911
-200239
-212252
-237080
-284352
-292460
50347
-82424
-213548
-247509
-254048
-280754
-253946
-220642
-313011
-479700
-567387
-620141
-583501
-501722
-504195
-400673
-296970
-307523
-380700
-416111
-395213
-352780
-269266
-206926
-148166
-99360
-122008
-178883
-244845
-293250
60551
-44939
-166013
-189394
-171544
-204888
-189574
-190764
-300401
-446415
-498868
-526585
-481665
-414186
-428234
-351356
-294455
-330095
-383417
-400312
-371247
-327496
-241350
-177883
-103654
-49236
-82353
-167374
-235068
-312731
27116
-26287
-112110
-120159
-104623
-136370
-142464
-183938
-303754
-420814
-455878
-469483
-425553
-383759
-412295
-359235
-317356
-346876
-384117
-379315
-353370
-316786
-221015
-149115
-84454
-59190
-90351
-170160
-239328
-337569
3614
-31564
-81868
-62291
-41502
-85173
-109215
-177420
-303401
-399828
-417901
-422621
-381988
-380865
-414418
-372402
-345687
-370741
-375466
-360684
-322246
-277522
-181564
-112892
-51402
-76346
-137228
-221603
-282749
-368809
-9765
-20035
-59450
-33287
-19410
-62348
-76260
-158945
-275636
-363049
-376498
-374012
-347483
-372488
-402594
-372770
-357648
-362474
-351602
-318973
-265559
-214062
-140059
-93455
-57157
-106981
-175354
-272154
-337819
-403717
-15823
-5832
-36719
-20698
-35489
-56934
-57208
-132891
-234013
-304318
-310536
-310174
-306331
-352078
-378739
-351281
-346501
-338796
-304271
-272471
-223456
-180523
-113818
-84499
-86099
-161006
-222234
-297278
-371713
-415611
-20257
9578
-1956
-1830
-42556
-62035
-44357
-124374
-204222
-256829
-255851
-259007
-271609
-331970
-349255
-329851
-319275
-289725
-251568
-231731
-184265
-141717
-88095
-95444
-111249
-188015
-248069
-309483
-377801
-414011
-39070
23913
47995
34430
-37049
-55753
-51941
-111025
-171550
-200097
-200516
-204554
-233095
-314226
-315554
-290152
-271393
-236942
-200803
-179837
-144656
-112471
-88800
-91586
-121252
-193992
-240402
-296005
-359593
-398375
-103653
10040
71770
58715
-33414
-75037
-88984
-127178
-150920
-160363
-161375
-158642
-205956
-308392
-309909
-289270
-257938
-201861
-142729
-119773
-113939
-106024
-81508
-88787
-126375
-190505
-221159
-280943
-345494
-397071
-186543
-81202
-2953
3321
-55974
-95790
-134018
-152270
-147755
-149910
-138550
-134610
-203980
-339007
-331305
-288751
-233101
-154134
-95358
-81300
-97364
-98592
-80565
-81797
-122162
-172811
-190674
-258157
-318190
-385538
-263453
-182421
-126807
-102456
-146836
-148960
-178519
-169339
-152792
-148458
-143577
-148760
-234760
-389499
-354891
-288821
-202758
-128531
-69307
-67942
-103197
-113884
-96857
-84068
-121584
-176997
-189222
-249054
-315553
-365685
-329437
-264136
-229236
-230179
-253194
-232457
-233025
-182661
-148100
-150165
-141477
-154862
-258073
-411808
-360279
-266644
-178489
-107028
-78286
-97653
-132880
-139709
-112039
-105402
-159021
-194221
-199844
-235065
-256795
-303674
-396808
-335647
-299958
-316327
-348809
-315951
-280894
-165131
-118996
-127050
-121109
-132106
-238423
-377824
-325578
-232796
-148964
-104395
-101876
-131745
-173566
-183505
-159798
-165750
-225185
-246494
-217898
-215588
-217150
-236001
-450696
-393118
-363697
-365005
-382333
-369479
-316158
-163116
-87835
-99382
-90320
-96099
-185361
-299198
-261759
-194497
-130265
-115083
-145565
-175378
-211266
-211585
-200550
-220069
-268899
-265809
-215762
-199396
-193219
-208682
-479819
-434930
-395619
-390120
-412415
-437482
-393579
-215968
-107769
-82761
-52062
-50020
-117001
-206939
-204404
-166913
-129650
-162726
-196550
-213974
-242444
-253410
-245366
-256264
-296959
-286539
-231675
-199065
-184237
-182664
-526900
-487029
-435588
-414854
-441241
-499874
-493371
-310260
-185427
-115607
-54669
-36701
-84254
-159640
-193497
-202704
-184270
-222983
-234592
-249579
-272535
-287403
-274803
-259121
-301187
-304210
-268392
-240489
-188975
-159194
-589595
-543764
-508203
-471130
-488989
-563625
-556204
-429198
-294577
-203031
-124643
-93951
-119529
-180435
-236930
-242695
-239804
-268449
-272316
-275902
-308680
-328929
-307040
-260431
-307911
-342505
-320956
-294516
-219111
-171440
-688824
-639368
-598054
-536982
-568954
-627187
-616325
-530953
-405231
-298697
-238370
-199624
-199336
-238090
-300660
-325597
-322486
-320047
-300268
-308814
-331727
-344761
-322487
-283573
-323923
-376301
-383115
-366535
-268038
-201819
-774549
-728798
-689619
-634791
-645495
-704494
-679913
-607471
-480378
-357765
-308716
-286756
-285966
-305920
-376473
-397275
-395038
-343267
-309721
-314713
-334329
-358309
-355620
-322164
-364433
-403508
-447518
-442439
-314432
-229332
-873258
-789898
-760062
-733321
-743809
-783335
-757314
-680934
-520289
-370715
-334000
-325431
-322932
-328473
-412708
-439711
-427962
-365256
-314729
-332868
-376161
-406475
-407045
-382192
-422720
-444319
-499745
-502019
-370293
-247114
-1036616
-919810
-883547
-840188
-852749
-884797
-863258
-731623
-508850
-363852
-328762
-321133
-319179
-340580
-432875
-472899
-454427
-390374
-366675
-429610
-465920
-485248
-506991
-514006
-569676
-583038
-605375
-571801
-388040
-250252
-1286468
-1133685
-1059537
-1002596
-1035705
-1058956
-1023745
-826655
-537378
-358951
-304615
-304596
-292053
-322731
-443711
-505877
-536424
-479613
-478010
-541302
-607096
-656325
-686608
-696827
-745446
-750330
-748745
-664607
-426013
-244879
-1547729
-1345989
-1239043
-1173617
-1204424
-1255234
-1197938
-957568
-630037
-389460
-313960
-336238
-310610
-333955
-477950
-556909
-606453
-579736
-592973
-658978
-739904
-815387
-857017
-860749
-879345
-875472
-852461
-754932
-505842
-305941
-1777969
-1572214
-1404358
-1332836
-1360628
-1425441
-1346786
-1117556
-813028
-544838
-412484
-389450
-374210
-419360
-565579
-627740
-698501
-704249
-720125
-789685
-902155
-1010472
-1059652
-1026361
-985686
-933133
-905343
-801855
-573520
-363865
-1909825
-1729760
-1585812
-1500945
-1492685
-1541683
-1490626
-1310117
-1046306
-789160
-630636
-566848
-543825
-603441
-760592
-799212
-846892
-834954
-845923
-925859
-1048914
-1191227
-1232882
-1172879
-1062877
-970326
-934534
-821595
-591352
-408878
