7997
-7019
17142
6723
8543
-34554
22676
-26964
47628
-3909
27966
39348
-65515
-44843
-85137
-33317
11802
13581
-43044
10972
-4313
14309
79933
35610
15914
6382
3084
46186
-66040
-57546
48823
-61728
-75449
-4188
-6325
80568
7554
-13168
11283
-58032
8597
3890
13956
-7855
7821
-29942
19397
3078
-48957
105693
-24891
20285
-5675
-56906
8955
16902
-34626
-2584
20836
358
44276
62515
-37591
50077
-34957
73963
18957
-35033
12795
-126995
29357
34005
-29092
19359
-32789
77484
-101976
1214
25627
13236
22428
-4333
6927
-7272
-135669
-43879
-8542
-75850
-69418
-60364
-91585
-25945
-72869
62084
26904
-14280
-6707
-11199
786
-19801
-45131
-14393
54013
4645
15480
26009
-5296
-4321
-28587
-67492
-109327
-56238
3024
-2756
-31910
-34535
89360
-3131
3412
15792
-1159
-24072
44013
15339
9098
1043
-4881
13449
