1831
2089
-7162
-15829
-19500
-25877
-38229
-49714
-51265
-48134
-50541
-54236
-54131
-52027
-49810
-43600
-35479
-26144
-15074
-8205
-9395
-14567
-16416
-11466
-10175
-18025
-29223
-37204
-37529
-40518
2699
4489
-3215
-9836
-12995
-19882
-31358
-41532
-42774
-40619
-43068
-46940
-46742
-44419
-42378
-36589
-28451
-19353
-8885
-2345
-3409
-8146
-9636
-5270
-4155
-12445
-23568
-31108
-31495
-35486
1298
3840
-1997
-6390
-8724
-15670
-26470
-34663
-34898
-32664
-35143
-38680
-38106
-35321
-33545
-28709
-21510
-13631
-4337
1202
305
-3804
-5320
-1953
-980
-9162
-19895
-26877
-27319
-32306
-295
2386
-1831
-4441
-5279
-11752
-22040
-28733
-27927
-25179
-27095
-30183
-29045
-25778
-24123
-20849
-15552
-9095
-1430
2736
1470
-2117
-3456
-755
-65
-7777
-17668
-23761
-24480
-30650
-1003
1708
-1449
-3086
-2812
-8044
-17653
-22888
-21491
-18169
-19493
-21986
-20285
-16660
-15382
-14141
-11418
-6800
-617
2396
870
-2129
-3105
-772
-6
-7131
-16127
-21598
-22786
-29779
-764
1073
-931
-1542
-816
-4782
-13205
-17843
-16069
-12498
-12798
-14550
-12471
-9025
-8322
-8860
-8760
-5940
-785
1817
442
-2200
-2902
-716
26
-6402
-14482
-19828
-21758
-28865
-512
375
-388
-147
601
-1953
-8769
-13201
-12233
-8939
-8199
-9161
-7106
-3865
-3135
-4117
-5838
-4864
-1042
1347
358
-1819
-2351
-719
158
-5192
-12320
-18028
-20992
-27789
-32
-512
-325
884
1269
-271
-4832
-8645
-8751
-6632
-6000
-6366
-4251
-1268
-174
-862
-3322
-3644
-993
1068
422
-1544
-1796
-449
140
-3908
-9895
-16055
-19677
-25857
-588
-2391
-692
1325
1603
525
-2194
-4655
-5609
-4880
-4645
-4772
-2970
-761
270
196
-1728
-2488
-891
788
585
-1082
-1342
-157
572
-2605
-7210
-13671
-18104
-23553
-4335
-6855
-2238
1310
1062
738
-611
-1704
-3014
-3701
-4293
-4297
-2763
-999
-238
-42
-969
-1509
-931
607
1269
-855
-1611
-8
881
-2177
-4755
-11146
-16787
-21253
-10532
-13981
-5726
-761
-1453
522
128
-412
-1393
-2675
-3485
-3555
-2411
-1111
-532
-290
-498
-1210
-1698
211
1310
-1575
-2850
-557
103
-2818
-2945
-8704
-16160
-19957
-17092
-20567
-9741
-4602
-6177
-842
-10
81
-114
-1062
-1838
-2005
-1382
-618
-229
16
-100
-1603
-2943
-939
-593
-4273
-5631
-2493
-2203
-4625
-1316
-6031
-14999
-17945
-23016
-25268
-13008
-8196
-11694
-2761
-1072
-181
626
436
60
-72
92
399
507
543
-219
-2976
-4893
-3668
-4500
-8692
-9766
-6072
-6555
-7707
-535
-3886
-13904
-15383
-28299
-29178
-15324
-11678
-15885
-4976
-2625
-1188
304
806
998
1027
1091
1116
927
399
-1377
-5235
-7833
-8652
-10759
-13948
-14192
-10811
-12277
-12142
-1640
-3755
-13519
-13408
-32790
-33005
-18542
-16030
-19009
-7248
-4143
-2217
-488
121
478
710
1081
1126
591
-570
-3535
-8402
-12226
-15635
-18127
-19559
-18520
-15905
-18194
-16727
-4124
-5489
-13763
-12470
-35767
-36369
-23460
-21999
-22328
-9858
-5728
-2986
-1317
-619
-432
-409
452
599
-281
-2076
-6277
-12672
-17960
-22949
-25313
-24648
-22146
-20571
-23634
-21393
-7610
-8348
-14986
-11867
-36803
-37947
-28012
-28977
-26203
-13234
-7811
-4064
-2191
-1402
-1071
-1346
-190
83
-1232
-4134
-9861
-17511
-24055
-29634
-31283
-28689
-25041
-24437
-27706
-24827
-11670
-12223
-16635
-12204
-37045
-37007
-30942
-34537
-29729
-16858
-10386
-5750
-3990
-3116
-2674
-2794
-1284
-860
-3074
-7314
-14565
-23630
-29961
-34550
-35660
-31480
-26984
-27070
-30488
-27263
-15931
-17006
-19364
-14421
-38368
-35513
-31810
-37820
-32005
-20026
-13100
-8292
-7364
-6216
-5377
-5229
-3529
-3131
-6538
-11952
-20480
-30148
-35293
-37974
-38665
-33405
-28596
-28703
-31712
-28062
-20023
-21612
-21939
-16968
-40646
-34352
-31754
-39225
-32939
-22743
-16113
-12098
-12451
-11072
-9336
-8602
-6923
-7345
-11530
-17539
-27055
-36472
-39598
-40126
-40157
-34440
-29671
-29624
-31047
-26888
-22256
-23689
-22241
-17422
-43073
-33553
-31759
-39489
-34014
-26378
-19776
-17269
-19221
-17403
-14650
-13406
-11875
-12883
-17610
-23850
-33402
-42150
-43164
-41501
-40665
-34020
-29362
-29170
-28550
-23876
-21528
-22704
-19775
-15434
-45809
-32830
-31958
-39648
-35593
-30974
-25494
-23775
-26329
-24462
-20929
-19245
-18246
-19564
-24597
-30916
-40191
-47525
-46324
-42503
-40786
-33290
-28319
-27301
-24622
-19467
-18584
-19144
-15700
-11940
-49769
-33802
-32933
-40008
-38263
-37169
-32914
-32016
-33232
-31139
-27542
-25891
-25421
-26943
-31969
-38352
-46616
-52552
-49369
-43968
-40869
-32847
-27548
-26000
-21015
-14967
-14945
-13951
-10541
-7400
-55314
-36784
-34987
-40719
-40960
-42955
-40732
-40053
-39116
-37052
-33744
-32292
-32398
-34004
-38714
-44722
-51707
-56130
-51402
-45311
-41142
-32629
-27345
-25421
-18626
-11558
-11530
-9202
-5700
-2812
-61421
-42398
-39187
-42651
-43875
-47544
-47368
-47220
-43734
-41380
-38542
-37450
-37904
-39443
-44204
-49071
-54025
-57551
-52203
-45641
-40824
-33020
-27325
-24917
-16860
-9447
-9272
-6214
-2541
21
-67883
-49624
-44891
-45963
-47357
-50763
-52396
-53132
-48594
-45404
-42236
-41606
-42291
-43823
-48122
-51399
-54531
-57493
-51534
-45096
-40991
-33099
-27427
-24558
-15888
-8850
-8307
-5385
-1919
603
-2427
-3354
-4827
-5554
-6097
-7175
-7274
-7338
-6651
-6574
-8531
-7905
-7688
-8200
-6926
-6038
-4231
-2460
-2137
-2505
-3161
-3201
-2567
-2025
-3422
-6182
-7583
-9351
-10398
-13720
-1496
-1781
-3092
-4268
-4918
-5658
-6009
-5741
-5078
-4791
-6656
-6561
-6345
-6743
-5532
-4881
-3725
-2328
-1736
-1851
-2226
-2106
-1233
-1211
-2473
-4713
-5896
-7871
-9214
-12459
-472
-869
-2060
-3024
-4004
-4574
-4818
-4197
-3217
-2779
-4402
-4809
-4460
-4849
-3947
-3546
-3152
-2026
-1205
-1160
-1295
-1237
-355
-633
-1934
-3713
-4730
-7035
-8592
-11201
26
-504
-1493
-1935
-3005
-3550
-3629
-2704
-1700
-1358
-2820
-3448
-3044
-3069
-2614
-2458
-2590
-1702
-596
-595
-631
-704
178
-303
-1535
-3338
-4444
-6746
-7805
-10071
146
-231
-988
-1136
-2159
-2625
-2428
-1586
-863
-912
-2139
-2853
-2452
-2322
-1901
-1728
-1929
-1306
-404
-344
-297
-451
239
-206
-1460
-3352
-4695
-6847
-7761
-9896
249
9
-408
-653
-1556
-2159
-1825
-1003
-584
-1135
-2291
-2868
-2503
-2135
-1809
-1475
-1538
-1140
-362
-356
-181
-271
116
-393
-1645
-3616
-5257
-7484
-8347
-10601
323
52
-184
-426
-1002
-1844
-1846
-1140
-839
-1577
-2536
-3033
-2826
-2291
-1728
-1291
-1284
-912
-325
-375
-96
-204
-184
-659
-1909
-4058
-6061
-8439
-9357
-11608
578
-217
-282
-402
-600
-1281
-1726
-1255
-1299
-1989
-2795
-3170
-2779
-2069
-1474
-1079
-970
-676
-216
-321
-145
-208
-582
-984
-2187
-4287
-6784
-9299
-10356
-12164
1997
-642
-500
-267
-261
-828
-1327
-1240
-1490
-2064
-2634
-2831
-2183
-1433
-1130
-933
-741
-369
-61
-251
-207
-297
-991
-1042
-1932
-4156
-7013
-9838
-10879
-11977
3053
-885
196
679
-147
-377
-805
-938
-1310
-1776
-2038
-2180
-1560
-918
-778
-733
-574
-115
59
451
889
44
-966
-269
-1062
-3964
-6549
-9507
-10998
-11477
666
-2624
1743
2519
-89
-117
-381
-480
-840
-1359
-1578
-1592
-1095
-688
-587
-563
-476
-204
263
1889
2481
606
-589
988
-151
-3643
-5226
-8265
-10827
-10892
-5522
-7590
1774
3835
-332
296
-118
-194
-331
-779
-1006
-1090
-822
-636
-520
-402
-535
-443
681
3486
3896
944
-375
2084
287
-3626
-3405
-6312
-9953
-9524
-13182
-13611
603
2531
-2681
790
369
-25
-122
-335
-525
-672
-573
-472
-418
-457
-1145
-886
989
4490
4491
424
-622
2630
246
-3658
-1036
-3862
-8154
-6893
-19811
-18706
-1068
-418
-6876
42
420
-121
22
-181
-230
-386
-405
-301
-426
-1003
-1973
-1537
391
3326
2545
-1556
-1922
1900
-953
-4033
914
-1676
-6447
-4087
-23877
-22021
-2552
-4207
-11264
-1847
-493
-799
85
60
-6
-272
-478
-374
-838
-1683
-2068
-2064
-422
820
-1208
-4531
-3587
-9
-3207
-5270
1329
-1335
-5530
-2411
-24560
-22562
-4001
-8409
-14894
-3975
-1952
-1898
-26
704
185
-690
-993
-1021
-1646
-2072
-1874
-1997
-1428
-2531
-5151
-7058
-5340
-2363
-5720
-6788
155
-3145
-5895
-1501
-24220
-20909
-4405
-12862
-18128
-6270
-3629
-2780
12
1436
491
-1170
-1786
-1964
-2187
-1813
-1295
-1513
-2908
-6171
-8544
-8919
-6665
-4712
-8296
-8339
-1665
-5615
-7312
-1669
-24291
-19288
-4690
-16575
-20902
-8750
-5295
-2940
-44
1674
719
-1271
-2059
-2130
-2161
-1383
-624
-1503
-4837
-9335
-11264
-9961
-7925
-6920
-10539
-9751
-3646
-8228
-8766
-3027
-24274
-17800
-5876
-20048
-22963
-10667
-6527
-2967
-377
1328
623
-1319
-1845
-1661
-2164
-1575
-734
-2997
-7290
-11810
-12948
-10474
-9085
-8690
-12028
-10625
-5529
-10113
-9598
-4543
-23803
-15894
-6964
-22626
-24624
-12150
-7220
-2890
-1221
152
123
-1539
-1599
-1370
-2554
-2640
-2321
-5476
-10301
-13716
-13702
-10845
-9917
-9833
-12273
-10024
-6463
-11072
-9751
-5542
-21856
-13017
-7354
-23732
-24684
-13471
-7594
-3345
-2950
-2001
-1118
-1960
-1485
-1819
-3960
-4805
-5100
-8630
-12669
-14293
-13460
-10443
-9705
-10360
-12111
-9189
-6597
-10903
-9203
-5439
-18980
-9367
-6781
-23361
-24072
-14773
-8572
-5071
-5847
-4652
-2769
-2897
-2354
-3533
-6727
-7250
-7541
-11076
-13938
-13666
-12374
-9191
-8873
-10223
-11245
-8075
-6309
-9957
-8029
-4773
-15879
-5831
-5874
-22029
-22737
-15631
-9988
-7846
-9391
-7177
-4610
-4361
-4415
-6460
-9886
-9303
-9604
-13484
-14781
-12732
-11312
-8039
-8161
-9789
-9867
-6475
-5489
-8475
-6682
-3726
-13455
-3031
-4704
-19936
-21246
-16171
-11587
-11075
-12924
-10176
-6691
-6439
-7506
-10399
-12878
-11179
-11578
-15735
-15658
-12501
-10859
-7589
-7969
-9841
-8913
-5140
-4386
-6326
-5248
-2569
-13339
-2263
-4346
-17862
-19375
-15949
-13101
-14286
-16457
-13476
-9263
-9272
-11240
-14340
-15417
-12888
-13529
-17803
-16696
-12891
-11224
-7929
-8434
-10250
-8096
-4261
-3345
-4642
-4190
-1748
-15241
-4160
-5401
-16591
-17815
-15546
-14418
-17654
-20248
-17008
-12049
-12481
-15024
-17602
-17492
-14306
-15022
-19403
-17263
-13623
-12047
-8920
-9423
-10843
-7319
-3528
-2645
-3464
-3489
-1264
-613
1096
2186
1315
554
1035
-362
-2199
-3422
-3603
-1779
207
2750
6374
7399
5060
3121
1978
3226
4188
3145
897
-490
-1767
-4777
-9516
-13008
-17139
-22778
-30186
-553
1316
2839
2726
2066
1664
440
-1591
-2639
-2101
-1138
297
2618
5950
6788
4339
2340
1492
3023
4160
3235
1335
81
-1039
-3533
-7940
-11009
-14718
-20663
-29687
-395
1044
2912
3473
3299
2662
1216
-1036
-2151
-1480
-1328
-52
1964
4945
5955
3696
1822
1404
2641
3523
2829
1289
229
-557
-2588
-6604
-9275
-12831
-18923
-29148
-148
432
2301
3601
4083
3246
1716
-319
-1097
-628
-888
153
1787
4394
5505
3325
1597
1130
1845
2311
1578
629
17
-529
-2509
-6305
-8577
-11811
-18136
-28723
157
-61
1402
3277
4466
3795
2156
149
-538
142
-7
887
2371
4625
5424
2881
912
400
904
1297
687
17
-397
-711
-2696
-6594
-8778
-11744
-17967
-28116
501
-425
684
2727
4398
3938
2498
618
-333
307
525
1377
2625
4080
4317
1894
190
-129
402
777
152
-343
-702
-809
-2756
-6767
-9213
-12025
-17987
-27513
609
-545
223
1960
3842
3473
2445
794
-167
214
537
1237
2268
2946
2952
1133
-121
-267
109
498
-49
-501
-881
-816
-2562
-6550
-9299
-12251
-17907
-26997
398
-531
61
1095
2775
2784
2140
864
-176
0
374
955
1481
1650
1685
702
12
-150
2
283
-191
-590
-898
-789
-2253
-6047
-9025
-12466
-17891
-26210
-826
-692
90
506
1613
1814
1552
784
66
154
396
874
982
715
812
563
231
22
-95
103
-259
-616
-846
-681
-1970
-5459
-8648
-12641
-17871
-25053
-1915
-1020
-172
-128
597
1019
1014
702
355
331
529
824
803
382
392
406
311
227
-41
24
-511
-920
-821
-795
-1930
-5069
-8172
-12861
-17842
-23838
-2305
-619
-592
-1245
-159
494
708
646
427
278
539
768
625
220
120
180
238
337
192
-188
-889
-1292
-970
-882
-1895
-4513
-7728
-13148
-18030
-22481
-2366
-393
-773
-2329
-957
37
271
570
456
297
505
637
503
52
-105
27
158
415
143
-443
-1100
-1510
-1201
-895
-1479
-3658
-6903
-13081
-17605
-20175
-2946
-79
-1029
-3718
-1711
-345
-298
245
393
321
476
501
344
8
-187
127
611
639
-187
-891
-1131
-1719
-1458
-740
-1122
-2595
-5435
-11825
-16284
-17258
-4106
-78
-1324
-5198
-2637
-905
-1110
-224
242
226
367
336
223
7
66
924
1871
1295
-680
-1353
-1406
-2112
-2108
-766
-530
-890
-3266
-10134
-14587
-14381
-5406
-645
-1477
-6533
-3550
-1624
-2066
-918
-9
35
161
294
363
311
888
2321
3122
1322
-1510
-1919
-1779
-2581
-2803
-819
-444
60
-1248
-7992
-11960
-11061
-6240
-1184
-1285
-7284
-3904
-2371
-2989
-1655
-388
-372
-292
337
835
1133
2140
3783
3558
432
-2668
-2930
-2632
-3260
-3251
-1301
-818
268
75
-5908
-8429
-7267
-7386
-1700
-703
-6993
-3249
-2760
-3902
-2413
-762
-675
-546
449
1536
2275
3517
4508
2630
-1300
-4074
-4223
-3651
-3794
-3432
-2120
-1555
-37
675
-4115
-5195
-3998
-9083
-1822
-163
-5939
-2205
-2945
-4455
-3176
-1457
-634
-190
885
2187
3301
4479
3935
-253
-4410
-5909
-5807
-4962
-4207
-3603
-2870
-2412
-245
656
-3359
-3247
-2408
-12044
-2576
140
-4351
-805
-2709
-4964
-4191
-2356
-388
374
1224
2551
3942
4672
1657
-4718
-8567
-9079
-8372
-7090
-5137
-4168
-3409
-2897
-264
325
-2983
-2382
-2224
-16245
-4543
-645
-3512
186
-2201
-5322
-5426
-3548
-521
826
1399
2420
4218
3615
-2410
-10192
-13249
-12910
-11201
-9354
-6468
-5096
-3916
-3185
-365
-3
-2431
-1307
-1514
-20377
-7687
-2555
-3955
230
-2229
-5726
-6850
-5261
-1060
835
1100
2053
3653
1032
-7337
-14925
-17415
-16275
-13843
-11157
-7816
-6079
-4429
-3330
-425
-266
-1570
-150
-506
-23750
-10851
-5061
-4920
113
-2492
-6316
-8162
-6997
-2267
97
318
1315
2276
-2692
-11884
-18580
-20216
-18294
-15270
-11968
-8568
-6426
-4372
-3295
-237
-339
-751
700
276
-25904
-13515
-7574
-6313
-985
-3706
-7423
-9563
-8384
-3741
-1510
-1161
247
23
-7050
-15703
-20866
-21735
-19162
-15547
-12217
-8950
-6772
-4774
-3388
-463
-479
-2
1363
873
-27783
-15512
-9935
-7754
-2402
-5226
-8445
-10672
-9584
-5564
-3622
-2862
-1298
-3377
-11162
-18843
-22706
-22679
-19324
-15680
-12502
-9446
-7349
-5472
-3872
-1129
-1020
285
1770
1280
-29795
-17534
-12785
-9923
-4873
-7031
-9763
-12172
-11163
-7584
-5686
-4413
-3194
-7069
-14772
-21582
-24410
-23477
-19768
-16169
-13109
-10190
-8159
-6251
-4403
-2019
-1642
161
1676
1607
-32982
-20438
-16810
-13573
-8436
-9062
-11777
-14387
-13878
-10158
-7840
-6745
-6466
-11259
-18401
-24362
-26182
-24497
-20462
-17016
-14034
-10722
-8824
-6782
-5109
-3354
-2349
-554
1306
1940
-12280
-17251
-26651
-32875
-38743
-40829
-45815
-55232
-58486
-59376
-61869
-65999
-58991
-46707
-37897
-30055
-26011
-20803
-10495
-7842
-10848
-15380
-16977
-20252
-30613
-47407
-59353
-63734
-66814
-73232
-7686
-10068
-17958
-23550
-30159
-32195
-35502
-42185
-44700
-46845
-50465
-54227
-46502
-34173
-26711
-20278
-16823
-12098
-3082
-2374
-6352
-10144
-11787
-15408
-25378
-41368
-52341
-56942
-62185
-70532
-3529
-4576
-10655
-15228
-21649
-24345
-27340
-31289
-33126
-36119
-40654
-44005
-36104
-24117
-17810
-12940
-9835
-6070
1345
656
-2981
-5199
-6711
-10265
-19666
-34316
-44828
-49829
-57070
-68465
-779
-1728
-6175
-8948
-14688
-18259
-21068
-22852
-24216
-28101
-33057
-35998
-27835
-16702
-11731
-8582
-6518
-3276
2288
897
-2106
-2453
-3324
-6091
-14115
-27597
-37950
-43489
-52645
-67022
20
-1455
-4349
-5474
-10618
-13608
-16282
-16358
-17230
-21077
-26244
-29085
-21520
-11983
-9100
-7942
-6335
-3456
904
-277
-1924
-1375
-1645
-3565
-9915
-21935
-32118
-38506
-49689
-67202
-89
-2245
-3519
-3282
-7501
-10653
-12874
-12174
-12171
-15193
-19624
-21970
-15346
-8706
-8397
-8474
-7014
-3541
-248
-992
-1809
-755
-860
-2370
-7360
-17707
-27734
-34664
-48508
-68520
-58
-3192
-3053
-1395
-4937
-8269
-10947
-10229
-9732
-11758
-14581
-15716
-11165
-7261
-7854
-8105
-6844
-3669
-979
-1292
-1632
-497
-489
-1770
-5611
-14653
-24209
-32068
-48161
-70833
-18
-3972
-2622
62
-2694
-5874
-8534
-8443
-8821
-10771
-12541
-12757
-8982
-6353
-7078
-7344
-6357
-3480
-1380
-1531
-1478
-371
-256
-1299
-4409
-12207
-21168
-30117
-48150
-72498
-1363
-5337
-2324
912
-1431
-3819
-6144
-6434
-7582
-9492
-10325
-10201
-7424
-5788
-6225
-6154
-5288
-2932
-1600
-1589
-1226
-308
-10
-1072
-3517
-10427
-18387
-28470
-47798
-72624
-4160
-6489
-2585
771
-1179
-2585
-4252
-4483
-5876
-7564
-7982
-7852
-5868
-4888
-5051
-4520
-3849
-2287
-1454
-1538
-1454
-886
-17
-1314
-3400
-9431
-16298
-26847
-46568
-71173
-6749
-7399
-3230
65
-1750
-1540
-2508
-2844
-4045
-5280
-5516
-5528
-4457
-3978
-3925
-3096
-2437
-1150
-858
-1458
-1780
-1688
-457
-1731
-3518
-8522
-14726
-24968
-44880
-68359
-8639
-8053
-4558
-1413
-2758
-1285
-1556
-1755
-2816
-3743
-3816
-3843
-3424
-3326
-3139
-2256
-1531
-258
-413
-1492
-2335
-2196
-843
-2306
-3738
-7558
-13811
-24685
-43887
-65000
-9581
-9315
-7710
-3761
-4307
-1625
-1354
-1283
-2114
-2805
-3005
-3166
-2992
-3040
-2765
-1815
-577
681
186
-1680
-2741
-2410
-1389
-3773
-4697
-7478
-14501
-25544
-43311
-61238
-9583
-10562
-11685
-8107
-6397
-2515
-1258
-665
-1367
-2079
-2233
-2561
-2647
-2628
-2087
-713
976
2018
1358
-1502
-2768
-2770
-2728
-6086
-6613
-8679
-15364
-25864
-41664
-55551
-8335
-10599
-15001
-12127
-8953
-4046
-1663
-148
-548
-1115
-1138
-1446
-1731
-1667
-754
1035
2901
3738
2264
-1185
-2908
-2918
-4497
-8589
-8454
-9965
-16148
-25493
-38398
-48273
-6602
-9934
-16513
-15046
-11246
-5868
-2721
-115
-141
-741
-186
-82
-359
-450
917
2719
4522
4543
2488
-1023
-3023
-3435
-6232
-10851
-9917
-11641
-17160
-24471
-33792
-40180
-3072
-7965
-16608
-17043
-13134
-7697
-4089
-679
-343
-1018
-177
336
365
523
1917
3642
4999
3975
1451
-1764
-3329
-4316
-8225
-12515
-10996
-12987
-18071
-23073
-29025
-32491
3134
-3130
-14153
-17397
-14959
-9284
-5425
-1613
-841
-1520
-648
144
158
462
2099
3839
4271
2112
-793
-3021
-4097
-5422
-9954
-13754
-11237
-13359
-17996
-21236
-24375
-25194
10953
5783
-7691
-14885
-15240
-10652
-7089
-3108
-1982
-2106
-1331
-354
-247
164
2046
3545
2397
-855
-4041
-5088
-6166
-7429
-11684
-14711
-11157
-12879
-17085
-18791
-19513
-18173
15448
14025
1505
-8434
-12623
-10536
-8357
-4880
-3320
-2827
-2281
-1400
-898
-170
2102
2649
244
-4155
-6457
-7061
-8245
-9141
-12628
-14580
-10211
-11747
-16026
-17321
-16211
-13678
15305
18176
9058
-677
-6690
-7887
-8604
-6531
-4761
-3980
-3485
-2537
-1963
-183
2201
2123
-2258
-7576
-9136
-8905
-9482
-10212
-12768
-13546
-8408
-9576
-13913
-15991
-14512
-11144
13142
18929
13278
5560
978
-3363
-7361
-7747
-6420
-5055
-4858
-3790
-2810
-297
2031
961
-5069
-11157
-12209
-10861
-10470
-10682
-12369
-12034
-6547
-7053
-10726
-13563
-12791
-10035
9263
18057
15589
11141
8691
2742
-4679
-8022
-7597
-6151
-6308
-5525
-3981
-936
1320
-1136
-8294
-14632
-15171
-13075
-11846
-10884
-11316
-10080
-4868
-4162
-6590
-9335
-9589
-8928
2760
13880
15429
15588
16355
9090
-776
-7508
-8465
-7315
-7965
-7325
-5318
-1694
-553
-4365
-11808
-17986
-17533
-14901
-13148
-11392
-10320
-8989
-4049
-2079
-3709
-6152
-6989
-7821
-5632
6628
11733
17091
22593
15451
3793
-5478
-8485
-8423
-9203
-8188
-5933
-2491
-3484
-8680
-15876
-21096
-19898
-16562
-13965
-11213
-9104
-7891
-3531
-483
-1611
-3807
-4728
-6645
-14727
-1607
5454
14903
25596
21115
8825
-2564
-7785
-9084
-9362
-7751
-5552
-3705
-7595
-13969
-20741
-24885
-22612
-18367
-14647
-11182
-8010
-6930
-2903
890
336
-1456
-1917
-4650
-8719
-15228
-17287
-22529
-31427
-37085
-37062
-42858
-54833
-66083
-71071
-72873
-70273
-60472
-45340
-37190
-33437
-31542
-28348
-22761
-19064
-17177
-16731
-22426
-31896
-39593
-48546
-62947
-74804
-86733
-4098
-8904
-9030
-12714
-20270
-25148
-25652
-29388
-38330
-46385
-51181
-53212
-50637
-41675
-28624
-22522
-20068
-18395
-15393
-11139
-9306
-8181
-7718
-13102
-22359
-29903
-38109
-52270
-65983
-80948
-1642
-5199
-4098
-6229
-11944
-16126
-16574
-18792
-24805
-30775
-35006
-37065
-34820
-27293
-16909
-12681
-11073
-9467
-6961
-4072
-3513
-2604
-1846
-6435
-14682
-21897
-29437
-42803
-57647
-75606
-809
-3470
-2162
-2712
-6745
-9930
-9985
-11192
-15068
-18959
-22232
-24433
-22954
-17077
-9387
-6898
-5832
-4244
-2733
-1242
-1280
-474
710
-2766
-9524
-16039
-22792
-35150
-51024
-72111
-409
-2545
-1749
-1792
-4023
-6316
-5977
-6203
-8219
-10739
-13033
-14957
-14137
-9999
-5279
-4535
-3903
-2536
-1743
-1075
-1254
-266
1270
-1381
-6754
-12243
-18452
-29720
-46415
-70751
167
-1865
-1789
-1604
-2231
-4125
-3932
-3951
-4493
-5859
-7153
-8602
-8328
-6184
-3978
-4280
-4108
-2719
-1744
-1261
-1241
-161
1185
-900
-5118
-10003
-16007
-26137
-43015
-69982
572
-1233
-1828
-1581
-839
-2418
-3096
-3423
-3446
-3885
-4452
-5438
-5590
-4490
-3486
-4059
-3820
-2445
-1532
-1216
-1138
-159
841
-775
-4083
-8747
-14763
-24031
-40615
-69520
669
-628
-1495
-1345
224
-939
-2226
-3042
-3232
-3438
-3895
-4534
-4762
-4001
-3137
-3427
-3118
-2020
-1316
-1100
-1104
-256
389
-880
-3544
-7827
-14007
-22533
-38630
-68078
1644
-40
-848
-748
749
-151
-1527
-2585
-3003
-3146
-3335
-3737
-3992
-3566
-2709
-2581
-2357
-1655
-1106
-1027
-1086
-601
-265
-1030
-3205
-7134
-13183
-21155
-36390
-65572
6207
2671
578
-224
654
110
-994
-2077
-2515
-2847
-2873
-3240
-3413
-3218
-2481
-1967
-1691
-1425
-1043
-729
-822
-1117
-1091
-1290
-3014
-6550
-12362
-19908
-34352
-62074
11327
7728
5095
1780
606
145
-575
-1374
-2100
-2654
-2712
-3110
-3286
-3045
-2356
-1677
-1310
-1339
-1032
-527
-516
-1553
-2052
-1538
-2600
-5900
-11325
-18953
-32613
-57476
10317
8796
9574
5623
2327
1012
204
-559
-1302
-2165
-2441
-2853
-2913
-2672
-2058
-1377
-1076
-1465
-1346
-645
-300
-2212
-3560
-2158
-2840
-5782
-10277
-18273
-30730
-51860
2248
2505
8707
7075
4308
3201
1642
350
-356
-1185
-1655
-2077
-2073
-1818
-1407
-1077
-1364
-1936
-2121
-1218
-1497
-3980
-5065
-3059
-3577
-6310
-9303
-17580
-28769
-45287
-7026
-6009
3354
3298
3304
4913
2908
973
378
-166
-627
-1034
-1162
-1092
-1021
-1549
-2635
-3397
-2815
-1845
-3586
-6426
-6565
-4491
-5094
-6304
-7387
-16293
-26525
-38551
-13453
-9850
-1461
-2817
-1344
4424
2718
750
561
389
82
-236
-551
-753
-1559
-3067
-4924
-5009
-3303
-3408
-6597
-9146
-8648
-7054
-8264
-6764
-5936
-14714
-23366
-31767
-17310
-9742
-2673
-7310
-6414
1962
1308
-60
587
500
114
-130
-564
-1426
-2976
-5129
-7422
-6496
-4633
-6305
-10447
-11849
-11036
-10458
-12077
-8460
-6296
-13750
-19696
-24882
-20322
-8193
-1992
-9666
-9488
-310
-110
-808
901
1104
312
-457
-1338
-2864
-4980
-7742
-9674
-8458
-7911
-11242
-14982
-14904
-14020
-14153
-15465
-10577
-7977
-13863
-16133
-17923
-25509
-8165
-1550
-10749
-11229
-2473
-1110
-1171
1060
1917
1066
-187
-1969
-4351
-7186
-10184
-11427
-11528
-13072
-17411
-20244
-19245
-18145
-18164
-18737
-12901
-10127
-14705
-13833
-12149
-30673
-11476
-5132
-12870
-12080
-3921
-1872
-1498
482
1780
695
-515
-2509
-5593
-9169
-11500
-12989
-15374
-19134
-24060
-26604
-24705
-22557
-22219
-21652
-14931
-12028
-15328
-12717
-8399
-33766
-16226
-11815
-17244
-13012
-5108
-2666
-2151
-1110
-337
-1683
-2590
-3867
-7220
-10650
-12420
-15337
-20340
-25344
-29713
-31832
-28785
-26007
-25058
-23381
-16446
-13898
-16009
-12562
-6865
-36132
-21383
-20481
-23571
-15243
-7163
-3899
-3400
-3369
-3912
-5564
-6424
-7075
-9759
-12290
-13771
-18443
-25752
-30513
-34213
-35207
-31449
-28213
-26955
-24290
-17219
-14953
-16024
-12325
-6753
-38601
-27108
-29323
-30616
-18487
-9577
-5044
-4639
-6473
-8349
-10079
-11052
-11479
-12967
-13997
-15637
-22154
-30906
-35495
-37915
-37211
-32687
-29427
-27996
-24180
-17399
-15116
-14758
-11160
-6866
-42737
-34371
-38164
-37083
-21744
-11298
-6296
-6694
-10205
-13168
-14688
-15433
-15805
-16344
-16471
-18672
-26797
-36637
-40649
-41380
-38723
-32781
-29380
-27910
-23052
-17346
-14768
-12493
-8646
-5992
-49118
-42464
-46048
-42679
-24512
-12764
-7369
-9475
-14234
-17437
-19081
-19740
-19932
-19539
-19687
-22871
-32130
-42365
-45363
-43872
-39031
-31948
-28488
-26653
-20674
-15763
-13187
-9394
-5043
-3549
-56585
-51071
-53565
-47937
-27864
-15218
-10017
-13668
-19317
-22682
-24212
-24021
-24008
-23171
-23682
-28398
-38328
-47762
-48964
-45079
-38611
-31251
-27562
-24954
-17962
-13323
-10622
-5993
-1282
-221
-63791
-58542
-60515
-53817
-32823
-19556
-15055
-19120
-25427
-28162
-29431
-28574
-28191
-27224
-28888
-35084
-44973
-52886
-51437
-45199
-37678
-30449
-26999
-23531
-15983
-11469
-8659
-3709
1163
2587
387
507
-6318
-20585
-35154
-43534
-45783
-46482
-44548
-42966
-42590
-45255
-46483
-45426
-41740
-32350
-20648
-10994
-5971
-5289
-5852
-7016
-8634
-13372
-18591
-21652
-22385
-29727
-42771
-51352
3847
6484
1751
-10572
-24850
-35342
-39774
-40696
-37918
-36488
-37359
-41698
-44656
-44644
-41335
-31818
-19689
-9318
-3845
-2748
-1910
-1283
-2426
-7357
-11733
-13930
-15166
-22191
-35315
-45892
3225
6808
4445
-4809
-17499
-28657
-34436
-35378
-31964
-30170
-31391
-35939
-40089
-41296
-38961
-30362
-19052
-9206
-4139
-3237
-1438
784
-108
-4567
-8171
-9448
-10668
-16366
-28723
-40228
1785
5250
4788
-1281
-11534
-22565
-29111
-30337
-26535
-24189
-24683
-28661
-32883
-35075
-34319
-27627
-18138
-9752
-5600
-4937
-2962
393
45
-3337
-6436
-7607
-8935
-12693
-23556
-35189
1166
4040
4751
1142
-6225
-16019
-23221
-24949
-21555
-18593
-17936
-20752
-24651
-27421
-27896
-23355
-16531
-10402
-7390
-6577
-4480
-769
-743
-2628
-5294
-6940
-8969
-11061
-19788
-30701
945
3123
4557
3153
-1429
-9253
-16415
-19270
-17081
-14034
-12222
-13670
-16955
-19978
-21240
-18269
-13862
-10023
-8119
-7009
-4893
-1572
-1367
-1797
-4190
-6438
-9306
-10488
-16901
-26316
498
2213
4107
4170
2161
-2716
-9327
-13932
-13668
-10983
-8056
-8341
-11282
-14220
-15189
-12731
-10187
-8433
-7679
-6464
-4451
-2047
-1855
-1163
-2689
-5536
-9230
-10119
-14574
-22196
-448
911
3065
3937
3327
1997
-2652
-8440
-10649
-9185
-6108
-5889
-8291
-11015
-11246
-8578
-6755
-6275
-6421
-5492
-3807
-2409
-2285
-874
-1513
-4447
-8720
-10213
-12797
-18508
-3602
-1389
1244
2395
2328
3934
2129
-3335
-7305
-7694
-5299
-5322
-7509
-10020
-9613
-6225
-4126
-4248
-5037
-4342
-2872
-2540
-3009
-1096
-987
-3823
-8095
-10473
-11888
-15638
-9327
-5310
-1771
-622
-533
3366
4413
643
-3913
-5944
-4711
-5177
-7385
-9433
-8524
-4932
-2480
-2736
-4314
-4148
-3201
-4188
-4638
-2366
-1663
-4262
-7925
-11139
-12002
-13897
-15374
-10599
-5792
-4282
-4145
1399
4247
2820
-523
-3183
-3090
-3866
-6115
-7974
-6951
-3634
-1391
-2232
-4023
-4372
-4328
-5904
-6484
-3989
-2716
-5151
-8547
-12423
-13291
-13762
-19754
-14561
-9786
-8128
-7685
-860
2812
3231
2221
524
-261
-1468
-3659
-5432
-4750
-1998
-516
-2152
-4393
-5044
-5454
-7121
-7608
-5191
-3680
-5793
-8959
-13629
-14756
-14628
-21813
-16866
-12320
-11548
-11094
-3288
804
2198
3002
2918
2428
1264
-910
-2478
-2256
-707
-769
-2868
-5236
-6267
-6540
-7908
-8356
-6316
-4862
-6471
-9236
-14076
-15768
-15965
-21978
-18011
-13873
-14347
-13591
-5822
-1400
592
2265
2983
3062
2500
755
-587
-977
-1263
-2823
-4958
-7112
-8044
-7896
-8209
-8590
-7437
-6556
-7724
-9381
-13850
-15883
-16669
-21498
-18763
-15658
-16351
-15305
-7815
-3396
-900
1182
2080
2104
1665
292
-599
-1634
-3368
-5467
-7541
-8909
-9370
-8610
-8370
-8970
-8628
-8501
-8993
-9811
-13227
-15036
-16690
-21119
-20493
-18496
-18564
-16141
-9328
-4928
-2107
31
810
-7
-879
-1690
-1923
-3167
-5566
-7813
-9617
-10256
-9724
-8541
-8018
-8928
-9077
-9529
-9798
-10172
-12649
-14017
-15821
-21041
-22180
-21594
-21118
-17253
-10818
-6683
-3693
-1512
-1137
-2385
-3637
-3828
-3510
-4856
-7519
-9661
-10973
-10992
-9544
-7831
-7433
-8823
-9089
-9664
-10638
-10948
-12618
-13769
-15812
-21591
-24496
-25499
-24194
-18910
-13084
-8957
-6142
-4222
-3636
-4772
-6027
-5922
-5395
-6897
-9557
-11375
-12105
-11224
-8997
-7067
-7139
-9404
-9475
-10240
-11955
-12632
-13596
-15452
-18859
-23078
-27985
-29716
-27934
-21735
-16167
-11951
-8941
-7043
-6294
-7048
-8364
-8085
-7598
-9168
-11420
-12848
-13272
-11890
-8912
-6876
-7384
-10196
-10186
-10622
-13605
-15093
-15133
-17700
-23520
-24509
-31088
-33363
-31469
-25414
-19889
-15332
-12061
-10114
-9129
-9507
-10723
-10556
-10179
-11315
-13271
-14801
-14762
-12059
-8415
-6861
-7646
-10509
-10606
-11174
-14897
-16536
-15526
-18232
-26326
-25203
-32970
-36044
-34194
-29341
-24553
-19252
-15247
-12916
-11878
-11865
-12977
-13080
-12933
-13808
-15643
-17128
-16417
-12605
-8198
-7231
-8306
-10275
-10159
-10755
-14572
-15408
-13098
-15817
-24788
-25148
-33717
-37200
-36127
-33167
-29214
-23387
-18306
-15426
-14154
-13872
-14890
-15655
-15844
-16928
-18572
-19820
-17905
-13194
-8580
-8121
-9275
-9964
-8920
-9628
-13057
-12639
-9000
-11134
-19147
-25298
-34334
-37965
-37890
-36766
-33366
-27299
-21096
-17900
-16099
-15614
-16585
-18033
-18715
-20129
-21740
-22199
-19403
-13646
-9110
-9479
-10534
-9813
-7732
-8064
-11133
-9633
-4272
-5104
-11289
-24732
-33690
-37517
-38627
-39477
-37180
-30656
-23720
-19892
-17887
-17074
-18166
-20374
-21794
-23297
-24424
-23868
-19769
-13335
-9495
-10649
-11575
-9838
-6879
-6781
-9169
-7167
-356
303
-3940
-25184
-33537
-36727
-38496
-41043
-40628
-34318
-26374
-21804
-19602
-18458
-19887
-22587
-24598
-25978
-26194
-24429
-18943
-12705
-10001
-11432
-12242
-10236
-6782
-6273
-7992
-5928
893
2795
810
-26309
-33751
-35430
-37334
-41365
-42666
-37125
-28518
-23343
-21217
-20185
-21742
-24679
-26607
-27013
-26272
-23176
-17217
-11429
-10007
-11743
-12074
-10459
-7375
-6387
-7682
-5998
-532
1505
1779
-10303
-12213
-15970
-17587
-19867
-21859
-23184
-23909
-24178
-26918
-31972
-32963
-32372
-33886
-33193
-30184
-25147
-20153
-18272
-19301
-19145
-17291
-15210
-14780
-16640
-20058
-25134
-29700
-32115
-35802
-6143
-8260
-12488
-14484
-16553
-18265
-19481
-20474
-21208
-24110
-29192
-29975
-28908
-29700
-27983
-24280
-18979
-14222
-12267
-12871
-12846
-11670
-10238
-10595
-12753
-16529
-22022
-27239
-30326
-34139
-2144
-4615
-8979
-11177
-13329
-14695
-15606
-16415
-16923
-19861
-24700
-25528
-24109
-24373
-21899
-17472
-12285
-8142
-6455
-6989
-7067
-6351
-5393
-6230
-8556
-12788
-18582
-24368
-27943
-31853
262
-2432
-5967
-8096
-10414
-11618
-12148
-12170
-12644
-15330
-19455
-20308
-18955
-18674
-15756
-11106
-6750
-3535
-2426
-3184
-3309
-3201
-2414
-3192
-5106
-9167
-15037
-21320
-25473
-29694
827
-1350
-3814
-5876
-8326
-9514
-10049
-9063
-9202
-11442
-14697
-15670
-14584
-14090
-11181
-7106
-3882
-1920
-1353
-1933
-1812
-1800
-880
-1504
-3067
-6532
-12078
-18454
-23044
-27894
587
-798
-2366
-4222
-7123
-8408
-8861
-7399
-7336
-8853
-11141
-12075
-11268
-11122
-8988
-5982
-3913
-2258
-1514
-1622
-983
-934
-135
-721
-1912
-4727
-9618
-15990
-21046
-26429
216
-831
-1636
-3284
-6171
-7494
-8010
-6593
-6622
-7782
-9367
-10319
-9751
-9768
-8244
-6021
-4212
-2479
-1606
-1415
-472
-499
199
-431
-1112
-3255
-7646
-13971
-19257
-24940
-389
-1284
-1416
-2802
-5126
-6212
-6777
-5722
-5675
-6484
-7993
-9167
-8838
-8532
-7129
-5195
-3785
-2317
-1494
-1105
-137
-236
276
-246
-677
-2232
-6089
-11951
-17300
-22688
-1432
-1505
-1096
-2283
-3881
-4634
-5316
-4647
-4580
-4861
-6114
-7180
-7042
-6416
-5086
-3861
-3167
-2111
-1237
-747
96
112
894
-31
-903
-1696
-4629
-9804
-14725
-19309
-2698
-363
931
-1686
-3046
-3046
-3968
-3717
-3826
-3821
-4684
-5435
-5234
-4563
-3375
-2637
-2518
-1637
147
379
-498
-57
1778
-541
-2657
-2024
-3423
-7725
-11769
-15449
-5221
1286
3097
-800
-1827
-1694
-2798
-2945
-3185
-3057
-3746
-4442
-4136
-3373
-2263
-1737
-1827
-192
2295
794
-2299
-1362
1127
-2453
-5175
-2895
-3019
-6672
-9629
-12414
-9911
630
3459
-861
-758
-40
-1504
-2162
-2739
-2749
-3359
-3825
-3509
-2683
-1648
-1197
-880
1715
3183
-998
-5560
-4381
-1805
-5623
-8178
-4445
-3659
-6487
-8062
-9503
-15332
-1608
1173
-3006
-1041
1547
56
-948
-2181
-2438
-3045
-3406
-3055
-2196
-1258
-1063
211
3173
1930
-4914
-10521
-9361
-6396
-9592
-11305
-6169
-4454
-7039
-7671
-7484
-19057
-3273
-2570
-6934
-2607
2653
1635
496
-1266
-1820
-2456
-2739
-2251
-1513
-958
-835
1059
2005
-2668
-11059
-17217
-15627
-12095
-14551
-14932
-8227
-5971
-8492
-8099
-6420
-20323
-3721
-6469
-11130
-4616
3061
2989
1897
-154
-996
-1642
-1844
-1169
-745
-588
-238
564
-2675
-10769
-20408
-25286
-22520
-18854
-20408
-18798
-11103
-8800
-11284
-9182
-5914
-19463
-3803
-10399
-14568
-5837
3274
4239
3303
1414
-233
-1570
-1249
-257
-537
-488
11
-2492
-10418
-21760
-31582
-33422
-29086
-25757
-26026
-21888
-13986
-12089
-14002
-10494
-5978
-18424
-5181
-14340
-17049
-5520
3742
6173
5309
2431
-592
-2662
-1625
-375
-814
-483
-1375
-8119
-20522
-34104
-41875
-40134
-34078
-31192
-30242
-23593
-16402
-14836
-15568
-10909
-6294
-19259
-8830
-19402
-18743
-4228
5305
8624
6614
1932
-2040
-4244
-2584
-763
-1080
-1141
-4547
-15531
-32053
-45618
-49662
-43967
-36667
-34730
-32284
-23750
-17465
-16194
-15342
-9950
-6408
-23668
-16537
-26267
-20020
-2267
7780
10441
6114
-363
-4367
-6333
-3952
-1670
-1920
-2896
-9150
-24237
-43021
-54413
-53881
-44300
-36474
-35830
-32219
-22621
-17170
-15599
-12771
-7293
-5680
-29044
-25555
-33668
-21931
-915
9926
10597
3704
-3929
-7659
-9219
-6063
-3644
-3742
-6011
-15285
-34062
-52309
-59482
-53794
-42014
-34846
-34973
-30451
-20824
-15823
-13295
-8842
-4166
-4485
-33596
-33875
-40647
-24408
-740
10088
8805
-925
-9105
-11917
-12659
-9112
-6750
-7051
-10907
-23554
-43797
-59123
-60487
-50567
-37890
-32067
-32883
-28093
-19063
-14520
-11332
-6138
-2351
-3696
-36724
-40262
-46259
-27466
-2972
7180
4112
-8067
-15890
-17005
-16354
-12822
-10957
-11645
-17793
-32965
-52693
-63459
-58800
-45587
-33354
-28820
-29885
-25474
-17628
-13672
-10074
-4318
-1768
-4358
-40021
-46050
-51068
-31047
-7970
-89
-5013
-17681
-23529
-22096
-20211
-16967
-16063
-17664
-26254
-42758
-60377
-65269
-55156
-40287
-29303
-26353
-27832
-23361
-16094
-12284
-8880
-3169
-1816
-5491
-42798
-50178
-54519
-35001
-15081
-10777
-17379
-28975
-31153
-26972
-24050
-21616
-21579
-24390
-35066
-51542
-65808
-64780
-50462
-35144
-25912
-24768
-26403
-21397
-14082
-10282
-7392
-2002
-1770
-6071
-44731
-52312
-56118
-39389
-23489
-22891
-31079
-40815
-38617
-32037
-28013
-26029
-26928
-30682
-42542
-58220
-68402
-61940
-45067
-30455
-23375
-23769
-24743
-19005
-11627
-8116
-5716
-857
-1331
-5556
-46857
-53514
-56680
-43464
-32207
-35193
-45085
-51897
-45083
-36775
-31986
-30161
-31213
-36228
-47950
-61814
-67292
-56851
-38842
-25860
-20982
-22847
-22322
-15932
-8657
-5526
-3761
429
-244
-3860
-1251
-302
-4660
-8953
-10579
-12464
-13155
-12141
-5432
850
-1407
-1848
250
-1354
-3825
-1526
2827
5414
4405
1065
-539
-1130
-1676
-2801
-4025
-4252
-10973
-18838
-22524
-28897
-1175
11
-3977
-7593
-9153
-11619
-13632
-11752
-6000
-1200
-1910
-1937
-278
-1714
-3983
-1526
2096
3797
2737
58
-1061
-1259
-1580
-2787
-4556
-3959
-9270
-16002
-19241
-26246
-645
112
-3301
-6515
-7619
-9985
-11963
-10526
-6323
-2744
-2700
-3018
-1532
-2425
-4325
-2136
772
2154
1808
-194
-997
-1143
-1573
-2582
-4930
-3682
-7628
-13147
-16155
-23984
46
502
-2382
-5081
-6095
-8318
-9592
-8121
-4855
-2635
-2516
-3116
-2004
-2665
-4111
-1935
443
1705
1453
-278
-835
-734
-1300
-2109
-4666
-3508
-6228
-10622
-13482
-22143
682
707
-1642
-3668
-4576
-6257
-6990
-5560
-3044
-1651
-1999
-2594
-1483
-1596
-2275
-524
1139
1510
1107
-183
-593
-580
-1081
-1419
-4123
-3404
-5467
-9131
-11645
-21467
993
657
-1080
-2298
-3056
-4300
-4701
-3278
-1367
-744
-1408
-1737
-554
-428
-807
685
1797
1352
796
-168
-510
-411
-867
-972
-3770
-3502
-5660
-8264
-10883
-21907
1105
481
-829
-1024
-1509
-2765
-2989
-1635
-137
84
-403
-694
81
513
414
1269
1667
986
718
-30
-432
-474
-881
-848
-3413
-3765
-6011
-8034
-10893
-22894
416
260
-587
-191
-338
-1585
-1853
-657
374
261
-133
-317
427
1113
921
951
901
573
656
15
-476
-545
-1024
-1014
-3376
-4211
-6826
-8441
-11352
-24476
-1553
-130
-375
191
24
-860
-1132
-44
502
256
-348
-639
97
804
638
239
187
200
496
59
-463
-724
-1632
-1205
-3390
-4620
-7720
-9233
-12189
-26234
-5080
-3213
-2174
-767
70
-618
-630
-51
348
159
-513
-852
-251
435
370
-33
-44
-143
-240
-164
-464
-991
-2234
-1618
-3102
-5050
-8291
-10009
-13006
-27449
-9189
-7591
-6472
-3539
-453
-563
-492
-174
241
295
-280
-559
-161
465
586
282
132
-536
-815
-530
-427
-1200
-2551
-1781
-2758
-5468
-8836
-10898
-14056
-28372
-12425
-11403
-10693
-7088
-2067
-917
-847
-248
178
462
137
64
361
970
1037
606
52
-943
-1102
-472
-290
-1208
-2405
-1580
-2829
-5788
-8984
-11261
-14866
-27919
-13017
-12401
-12788
-9804
-4120
-2822
-2202
-568
-48
261
150
334
687
1038
1008
543
-520
-1533
-1761
-516
-518
-1428
-2169
-1590
-3283
-6470
-9072
-11025
-14839
-25692
-13101
-10927
-12461
-11402
-5884
-5236
-4088
-1116
-120
13
-41
94
475
554
540
-120
-1494
-2717
-2149
-496
-968
-1459
-1408
-1537
-3794
-6692
-9234
-10733
-13445
-22079
-13649
-8869
-10538
-11785
-7327
-7685
-6123
-1962
-357
62
-162
-244
32
-312
-754
-1363
-2516
-3051
-1332
44
-1176
-983
-384
-1128
-3599
-5614
-8571
-9848
-11108
-17860
-15463
-7569
-8619
-12438
-8059
-9880
-8098
-3371
-1137
333
224
-185
-648
-1759
-2680
-2722
-2980
-1845
175
223
-1135
-224
649
-1067
-2997
-3643
-7199
-8429
-8003
-13564
-17158
-6462
-7467
-12629
-8777
-11584
-10426
-5404
-2422
127
411
-547
-1556
-3522
-4475
-4082
-2399
22
1040
-596
-1544
-27
755
-1501
-2344
-1178
-5851
-7762
-5514
-9999
-17783
-6405
-7183
-13103
-8540
-13498
-12459
-7305
-3498
-427
-243
-1564
-2895
-4930
-5841
-4750
-1228
1353
368
-2399
-2520
35
330
-1806
-1391
526
-5173
-7758
-4159
-7762
-18816
-8636
-8392
-14074
-8333
-14772
-14571
-8590
-4260
-973
-1112
-2436
-3956
-5916
-6330
-4489
-116
1089
-1915
-4687
-2635
327
575
-1339
-430
1428
-4239
-7329
-3284
-6331
-19062
-11232
-11485
-15731
-8731
-15556
-16135
-9225
-4714
-1231
-1698
-3080
-4642
-6472
-6292
-3917
-52
-449
-5020
-6861
-2867
467
949
-743
310
1707
-3345
-6083
-2402
-5321
-19429
-13128
-14056
-17675
-10509
-16987
-17360
-9540
-4557
-991
-1954
-3348
-5323
-6608
-6011
-3692
-1451
-3243
-7918
-8155
-2915
426
1312
262
891
1827
-2663
-4585
-1070
-4384
-19401
-14801
-16527
-19078
-13089
-19272
-18739
-10189
-4892
-752
-1859
-3309
-5061
-6389
-5881
-4375
-3692
-5806
-9378
-7692
-2324
745
1346
1230
1334
1687
-2015
-3286
31
-3562
-18958
-15524
-17834
-19930
-15459
-21088
-20027
-11511
-5716
-868
-1942
-2726
-4265
-5968
-5882
-5616
-5824
-7235
-8855
-6251
-755
1285
1381
2069
1471
1179
-2091
-2221
714
-2782
-18818
-16117
-18331
-20143
-17936
-23081
-21256
-13431
-6845
-1319
-1940
-2358
-3501
-5852
-5880
-7033
-7533
-7205
-6748
-3764
1062
2184
1699
2989
1654
637
-1990
-1467
991
-2334
-22002
-18108
-19669
-21395
-21393
-25554
-23793
-16013
-8058
-1273
-1405
-1887
-2928
-5757
-6448
-8663
-8946
-6569
-3871
-428
2915
2657
1494
2918
948
-305
-2291
-1758
346
-2291
-29090
-23071
-21491
-22502
-25508
-30352
-27625
-19133
-8917
-1188
-1158
-1893
-2517
-5782
-7211
-10372
-10071
-5534
-576
2390
4135
2184
423
2101
-24
-1304
-2759
-2794
-957
-2412
-4191
-1884
5190
6595
3740
2818
4804
531
-6326
-8240
-9275
-10769
-11603
-13270
-16790
-20612
-22238
-19975
-15380
-10147
-5880
-1838
420
511
-143
508
936
324
-3814
-11375
-4959
-2433
4247
6048
4732
4587
6564
2807
-3245
-4583
-4822
-5768
-7113
-9242
-12960
-16331
-17174
-15075
-11533
-7706
-4173
-117
1816
2131
1372
1720
2168
1366
-2691
-9836
-4903
-2129
3361
4948
4658
5253
7137
4175
-623
-1078
-476
-1405
-3092
-5579
-9424
-12077
-12188
-10622
-8190
-5675
-3051
576
2207
2661
1976
2492
2935
1890
-2192
-8673
-4256
-1479
2488
3653
3750
4854
6881
4846
976
1072
2364
1918
83
-2757
-6961
-9002
-8291
-6810
-5118
-3926
-2084
1021
1820
2094
2008
2736
3082
1732
-2275
-8340
-3663
-1115
1643
2651
2863
3727
5714
4375
1788
1999
3379
2942
1199
-1573
-5396
-6470
-5010
-3371
-2571
-2531
-1320
1123
1160
1308
1449
2575
3001
1214
-3010
-8672
-3183
-624
916
1544
2084
2870
4198
3438
1522
1699
2478
2344
1052
-1028
-4157
-4506
-2590
-1269
-1237
-2041
-1149
1012
794
636
937
2106
2532
701
-3872
-9501
-2643
-252
368
698
1044
1844
2949
2613
1448
1020
1066
985
362
-1461
-3820
-3271
-1052
-189
-819
-1788
-1034
754
515
241
427
1484
1857
77
-4301
-10319
-2400
383
130
100
43
791
1567
1821
1293
700
506
317
-468
-1938
-3264
-2205
-271
189
-529
-1463
-901
583
302
-192
-19
1066
1605
-21
-4085
-10407
-1183
1666
96
-42
-579
-108
626
987
835
118
206
256
-366
-1495
-2372
-1583
-175
277
-307
-1230
-824
94
-398
-681
-470
975
1519
563
-3178
-9545
185
2447
132
113
-378
-322
284
509
509
-16
392
419
-139
-1099
-1767
-1113
-177
15
-1029
-2008
-1150
-14
-1111
-1216
-339
1224
1538
1304
-1401
-7775
2337
3473
-169
422
873
-273
417
473
315
45
450
475
18
-789
-1305
-777
-10
-527
-2001
-2856
-1263
-72
-1181
-1406
-101
1534
1469
2381
1691
-4833
4132
4865
-43
849
2662
26
480
551
223
114
451
419
-3
-545
-920
-540
-259
-1241
-2680
-3447
-1148
535
-798
-1199
390
1859
1301
3467
4822
-846
5399
5213
-447
2029
4723
301
442
785
218
65
276
349
0
-448
-677
-473
-998
-2210
-3782
-3654
-703
1177
-289
-795
1225
2358
1079
4387
6852
2183
6478
4379
-1812
2350
6789
815
518
1091
343
136
162
211
-60
-539
-699
-1039
-2374
-3942
-4911
-3484
-277
1640
11
-380
2427
2927
664
4818
7958
2882
7972
4093
-3078
2862
7925
1431
656
1280
374
217
312
383
-33
-648
-1143
-2337
-4055
-5593
-5668
-3381
404
1768
-38
9
3248
3540
351
5018
8338
2697
8277
3649
-3187
4118
9054
1843
952
1188
-123
-151
562
885
20
-850
-1939
-3823
-5902
-6845
-5974
-2659
866
1878
397
641
3936
3623
43
5025
8732
2968
6873
1638
-2840
5706
10013
2286
1011
761
-531
-278
800
1356
238
-1417
-3143
-5368
-7214
-7401
-5411
-1789
1228
1682
923
1149
4186
3457
-242
4659
8559
3206
3956
-1585
-3463
7200
10409
2201
768
351
-226
62
1128
1662
119
-1958
-4164
-6827
-8554
-7468
-4161
-1201
1015
1016
740
1458
4114
2792
-761
3883
7523
3092
319
-5571
-4568
7437
9410
1576
76
205
381
789
1445
2053
119
-2114
-5001
-8485
-9774
-7006
-3658
-1891
-715
-865
-311
983
3309
1935
-1232
2912
5972
2773
-2394
-9175
-5993
7348
7846
924
-897
-389
1049
1673
1843
2331
322
-2290
-5788
-9670
-9908
-6000
-3523
-2908
-2712
-2864
-1598
293
2250
486
-1795
2088
4572
2493
-4037
-11851
-7218
6318
5897
27
-2199
-853
1855
2629
2304
2326
428
-2617
-6404
-9893
-8883
-4982
-3049
-3674
-4108
-4580
-2624
-147
1420
-718
-2111
1542
3383
1719
-4879
-13523
-7595
4531
3226
-1776
-3779
-1132
3048
3662
2722
2213
194
-3367
-6891
-9299
-7848
-4063
-3132
-4611
-5145
-6156
-3649
-740
515
-1503
-1837
982
2903
1487
-4601
-13718
-7435
2645
576
-3901
-5391
-1067
3967
4449
2957
2032
-140
-3945
-7190
-9023
-7577
-4012
-3822
-5779
-6339
-7046
-3967
-978
-510
-2298
-1444
873
2559
1567
-3316
-12520
-6760
1029
-1572
-5858
-7048
-1253
4433
4697
2802
1412
-1031
-4905
-7858
-9269
-7412
-4157
-4711
-6512
-7191
-7315
-3801
-632
-1210
-2688
-974
934
2438
1690
-2168
-10514
-5246
585
-3148
-7522
-8259
-1756
4050
4029
1785
29
-2560
-6400
-8877
-10143
-7988
-4651
-5593
-7432
-7679
-7023
-3351
-6
-1177
-2534
-436
1176
2200
1665
-1744
-8511
-3474
1060
-3736
-8525
-9582
-2709
2916
2506
-183
-1749
-4162
-7813
-10292
-11601
-8764
-5278
-6455
-7895
-7627
-6520
-2879
400
-1273
-2129
295
1557
1994
1213
134
-5437
-10531
-12753
-13970
-15347
-14894
-16279
-17894
-19691
-23278
-24771
-22804
-18423
-14563
-13099
-13059
-11132
-7709
-5783
-4663
-4165
-4622
-6846
-8590
-9626
-12589
-16396
-15997
-15513
1013
-3146
-7487
-9734
-11405
-12382
-11773
-12601
-13713
-15748
-18738
-19724
-17559
-13242
-9781
-8407
-8207
-6855
-4238
-3198
-2616
-2327
-2584
-5218
-7918
-9245
-11450
-14748
-15309
-15780
526
-2714
-5907
-7569
-9355
-10133
-9362
-10037
-11089
-13010
-15431
-15948
-13375
-9186
-6246
-4924
-4660
-3898
-1915
-1297
-1001
-581
-965
-3919
-7529
-9263
-10757
-13379
-14748
-16671
-147
-2550
-4928
-5989
-7388
-7885
-7080
-7501
-8970
-11049
-13156
-13415
-10648
-6638
-3772
-2168
-1799
-1509
-277
-153
-65
343
182
-2569
-6774
-8965
-10156
-11937
-13859
-17552
-465
-1958
-3932
-5219
-6154
-6084
-4962
-4363
-5898
-8248
-10611
-11091
-8563
-4746
-2210
-661
-150
-375
301
79
108
341
464
-1912
-6083
-8660
-9597
-10773
-13041
-18518
-388
-1318
-2850
-3847
-5079
-5129
-3737
-1730
-2507
-4958
-7483
-8275
-5982
-3011
-1187
-206
203
176
677
256
178
393
305
-1594
-5539
-8322
-9258
-9912
-12588
-19272
-318
-1003
-1883
-2435
-3555
-4085
-3726
-1104
-1066
-2652
-4932
-5874
-4276
-1905
-464
77
369
548
992
450
205
390
204
-1353
-4988
-8032
-8901
-9404
-12520
-20157
-313
-943
-1237
-1330
-1999
-2756
-3391
-1372
-1016
-2267
-4447
-5280
-3448
-1111
-26
22
105
630
1117
583
176
207
51
-1137
-4470
-7532
-8514
-8992
-12171
-20562
-490
-1647
-962
-623
-923
-1573
-2743
-1445
-1175
-2263
-4052
-4639
-2855
-552
336
-78
-354
546
1139
633
88
-15
-154
-862
-3603
-6634
-7803
-8547
-11622
-19970
-116
-2599
-1515
-658
-517
-956
-1963
-1289
-1243
-2056
-3443
-3804
-2133
-95
614
55
-541
455
1076
894
286
-248
-248
-547
-2904
-5582
-6972
-8158
-11371
-19097
202
-2892
-1759
-939
-995
-582
-1378
-989
-1042
-1467
-2569
-2729
-1241
421
871
294
-354
425
983
1157
385
-395
-371
-333
-1936
-4482
-6126
-7930
-11329
-18003
-1627
-3825
-1524
-577
-1190
-392
-812
-790
-674
-848
-1502
-1423
-238
966
1162
530
-40
342
686
859
314
-743
-742
-193
-1213
-3546
-5507
-7910
-11540
-17195
-5732
-6573
-1873
-9
-1200
-343
-565
-709
-327
-317
-604
-332
566
1265
1252
628
1
-56
52
384
-15
-1014
-916
40
-430
-2889
-5160
-7930
-11914
-16501
-10958
-10127
-3629
-326
-1916
-618
-632
-933
-331
-77
-66
241
829
1178
976
209
-709
-1257
-1346
-641
-337
-1124
-1080
210
-89
-2369
-4722
-8026
-12215
-15900
-15825
-13858
-6163
-1802
-3769
-1605
-1192
-1313
-577
-171
-88
147
551
634
271
-659
-1911
-2951
-2984
-1847
-1224
-1344
-1322
-246
-298
-1976
-4298
-8239
-12942
-15980
-18509
-16254
-9078
-4512
-6302
-3315
-2174
-1779
-587
-119
-298
-445
-229
-360
-803
-1770
-3089
-4456
-4302
-3241
-2466
-1788
-1695
-1306
-1300
-2492
-4375
-8581
-13766
-16230
-17797
-16095
-11343
-7577
-9160
-5313
-3409
-2321
-719
-178
-415
-998
-1134
-1186
-1795
-2635
-3932
-4953
-4672
-4110
-3615
-2502
-2448
-2976
-3243
-3970
-5438
-9427
-14161
-15974
-15083
-13506
-11686
-10198
-11894
-7354
-4721
-2781
-1109
-495
-593
-1438
-1701
-1957
-2389
-2914
-3614
-4470
-4326
-4721
-4532
-3291
-3617
-5039
-5448
-6100
-7490
-10757
-14387
-14903
-10747
-9699
-11684
-12136
-13867
-8910
-5885
-3410
-1519
-1129
-1096
-2078
-2516
-2608
-2550
-2187
-2159
-2955
-3549
-5140
-5676
-4558
-5069
-7190
-7595
-8228
-10202
-12246
-14194
-13263
-6408
-5642
-10876
-14044
-15166
-10202
-6967
-4069
-1987
-1923
-2092
-3099
-3405
-2886
-2208
-756
-109
-1225
-2935
-5227
-6556
-5768
-6401
-8607
-8478
-9324
-12065
-13499
-13886
-11576
-3058
-1912
-9367
-15270
-16534
-11562
-8023
-4853
-2524
-2793
-3289
-4345
-4265
-2978
-1747
627
1555
-224
-2759
-5322
-7129
-6492
-7242
-9152
-8087
-8678
-11778
-13544
-12386
-8744
-1815
967
-7064
-14988
-17616
-13536
-9846
-5897
-3398
-3936
-4610
-5530
-4805
-3079
-1318
1261
1955
-914
-3972
-6164
-7438
-6987
-7641
-8910
-6696
-6697
-9817
-11701
-10401
-5878
-2615
2511
-4374
-13501
-17659
-15389
-12141
-7647
-4539
-4857
-5672
-6410
-5079
-2966
-1186
1021
414
-3724
-7052
-7746
-7857
-7139
-7635
-8362
-5096
-4080
-7111
-8963
-7600
-3275
-6471
1934
-2109
-11228
-16162
-15869
-13970
-9727
-6220
-5546
-6132
-6824
-5248
-2846
-1358
-444
-2483
-7440
-10288
-9136
-7828
-6626
-7129
-7289
-3407
-2067
-4620
-6230
-4816
-1030
-11974
-1101
-1836
-9399
-14066
-15147
-14855
-11734
-8207
-6363
-6274
-6662
-5350
-3046
-2087
-2280
-5421
-10954
-12700
-9813
-7340
-5865
-6067
-6014
-1762
-447
-2896
-4237
-2908
298
-17717
-5700
-3827
-9035
-12197
-13878
-15119
-13383
-10108
-6886
-5905
-6257
-5759
-3508
-2885
-3960
-8011
-13011
-13419
-9490
-6552
-4953
-5187
-5151
-1021
193
-2210
-3329
-1969
343
-5678
-2379
1376
3303
5328
9528
8747
4568
1368
-1810
-1333
503
-845
-3677
-6064
-8634
-10483
-9974
-6689
-3565
-1262
-676
-1186
1592
8207
8227
4731
4776
7403
4409
-5582
-3103
272
1938
3430
7042
6888
2856
-89
-1593
-615
1497
1317
-916
-3226
-5754
-7258
-6721
-4251
-2100
-398
-120
-849
1451
7793
8429
5652
5889
8169
5026
-5185
-3221
-303
1282
2482
5514
5170
1316
-969
-1087
-105
1807
2410
1117
-636
-3133
-4743
-4320
-2349
-690
634
464
-230
1420
7542
8498
6852
7059
8884
5648
-4299
-2565
-450
985
2060
4616
4365
549
-1362
-795
453
1986
3103
2522
1325
-773
-2318
-2161
-700
299
1020
759
326
1434
7335
8566
8334
9145
10191
6790
-3096
-1560
-317
634
1487
3726
3840
444
-1215
-444
708
1631
2875
3074
2510
954
-527
-891
10
341
1102
839
688
1523
6964
8480
9584
11261
11536
8007
-1910
-722
-141
301
801
2719
3336
664
-926
-352
559
1120
2296
2620
2102
1067
-97
-330
286
385
1119
968
933
1605
6436
8205
10495
13315
12375
8509
-1174
-302
-94
81
191
1507
2457
803
-839
-739
-203
328
1383
1649
1269
671
150
-35
390
285
949
1033
1123
1877
5678
7632
10991
14766
12498
8281
-190
-223
-286
-135
-90
364
1399
719
-361
-847
-906
-520
525
744
470
437
302
93
406
187
691
1123
1269
2113
4860
6691
10756
15217
12093
7595
2724
1165
-270
-357
-170
-316
397
509
17
-478
-666
-389
365
498
235
318
317
227
326
141
487
1059
1271
2232
4209
5672
10197
14893
11202
7016
5641
4584
2373
921
14
-533
-414
214
80
-43
-244
-47
555
633
273
151
91
235
182
-90
206
1119
1248
2019
3456
4703
9243
13524
10042
6916
5747
6073
6419
4891
2123
-446
-625
-64
-17
-187
-176
190
629
669
327
26
-48
108
-236
-599
-119
1022
1093
1683
2565
3545
7771
11745
9176
6856
3675
4854
8181
8728
5262
1003
141
263
-147
-335
-269
-14
558
509
200
-116
-313
-128
-738
-1012
-627
751
826
1089
1703
2633
6629
10611
9523
8301
654
1505
6801
10472
7850
3153
2097
1312
74
-414
-265
-122
283
279
28
-196
-467
-470
-1283
-1598
-1180
-160
-110
64
967
2786
6388
9959
9824
10158
-1664
-2183
2631
9677
9423
5286
4710
2910
451
-311
-233
-211
107
181
-75
-320
-307
-372
-1518
-2704
-2552
-1426
-1308
-1244
-459
1758
6271
9813
10638
11545
-3068
-5851
-2908
6927
9855
7034
7642
5031
1272
-250
-449
-421
-200
137
81
-118
2
-480
-2091
-3992
-4026
-3250
-2977
-2784
-2237
-219
5016
9402
10717
11653
-3097
-8866
-9336
2687
9813
8229
10064
7229
2472
-83
-1021
-992
-467
640
685
422
196
-894
-3362
-5696
-5908
-5290
-4644
-3835
-3766
-2687
2720
8316
9765
9604
-2615
-10821
-14888
-2960
8298
8792
11971
9515
3382
-291
-1597
-1189
-293
1266
1505
957
8
-2101
-4903
-6768
-7341
-6886
-5435
-4065
-4866
-4924
-31
6441
8570
6927
-2986
-12735
-19496
-8797
5711
8433
12901
11098
4194
-923
-2441
-1208
161
1986
1988
1055
-1199
-3707
-5511
-6690
-8061
-7309
-4874
-3266
-5009
-6381
-2280
4397
7173
4353
-5625
-13883
-22600
-14921
1480
6776
12905
12086
4874
-1721
-3538
-1677
326
2201
1684
-20
-3389
-5355
-5080
-5280
-7214
-6672
-3729
-1799
-3875
-6308
-3779
2636
5970
2804
-9001
-15017
-23615
-18894
-4033
3204
11011
11686
5315
-2609
-4722
-2440
151
1650
475
-2223
-5819
-6356
-4446
-3391
-5352
-5792
-3240
-878
-2271
-4816
-3888
1570
5550
2400
-11311
-14871
-23109
-20840
-8751
-1747
7449
9501
4909
-3485
-6015
-3658
-759
327
-1307
-4965
-7561
-6552
-3504
-1828
-3377
-4396
-2954
-637
-1143
-3477
-3872
657
4912
2319
-11892
-14012
-21430
-20541
-12119
-6184
2976
5709
3526
-4199
-7439
-5186
-2835
-1892
-3851
-7051
-8527
-6059
-2042
-20
-1576
-2928
-2690
-687
-595
-2391
-4119
-426
3727
1425
-10693
-12328
-18981
-19125
-14544
-10801
-1725
1498
1517
-4891
-8512
-7059
-5891
-5219
-6656
-8626
-8487
-5031
-871
787
-487
-1636
-2290
-937
-501
-1642
-3975
-1263
1868
175
-9668
-12041
-17252
-17468
-16083
-15211
-6936
-2617
-339
-5536
-9351
-8875
-9751
-9246
-9182
-9574
-8304
-4260
-247
221
-534
-1228
-1960
-1659
-926
-927
-3508
-1517
638
-1029
-9809
-13694
-18070
-17739
-17809
-19162
-11885
-6215
-1963
-5707
-9950
-11001
-13271
-12918
-11353
-10040
-7302
-3118
-601
-1544
-1497
-1526
-2242
-2716
-1836
-741
-2888
-1192
287
-1546
-11893
-16926
-20479
-19093
-20101
-21935
-15690
-9300
-4114
-6521
-10333
-12816
-15999
-15448
-12696
-9778
-5670
-1933
-1455
-3481
-2654
-1921
-2710
-3554
-2742
-943
-2641
-605
683
-1623
-7659
-6163
-7159
-17406
-21500
-22301
-24017
-26419
-30207
-29966
-27678
-27798
-27284
-23169
-18439
-15538
-15367
-16783
-16079
-11182
-7096
-7157
-10202
-12278
-12236
-12364
-14110
-18079
-24534
-31626
-7413
-4487
-3297
-11740
-16526
-17126
-18794
-20892
-25126
-25394
-23389
-24252
-24328
-19687
-14840
-12588
-13321
-14974
-14153
-9127
-4324
-4356
-7274
-10241
-10020
-8832
-10785
-16193
-22421
-30025
-7106
-3564
-639
-7218
-12262
-12863
-14427
-15743
-19150
-19667
-18322
-19354
-19806
-15575
-11119
-10071
-11558
-12651
-11362
-6847
-2248
-2116
-4959
-8199
-8148
-6169
-7989
-13905
-19680
-27368
-6196
-2764
645
-3776
-8646
-9479
-11336
-12191
-14221
-13781
-12873
-14184
-14618
-10992
-7941
-8252
-9936
-10304
-8783
-4934
-952
-774
-3251
-6215
-6765
-4597
-6043
-12041
-17551
-25052
-5156
-2491
1109
-1540
-5780
-6651
-8425
-9340
-10449
-9274
-7879
-8860
-9815
-7369
-5450
-6502
-8366
-8560
-6793
-3495
-168
164
-2377
-5110
-5870
-3591
-4876
-10787
-16451
-23548
-4185
-2581
1014
-144
-2942
-3912
-5284
-6711
-7331
-5305
-3053
-3470
-5315
-4058
-2974
-4384
-6170
-6291
-5087
-2565
-33
363
-2242
-4205
-5221
-3038
-3869
-9480
-15420
-22306
-2517
-2376
590
1226
-213
-1171
-2310
-4534
-4839
-1931
1466
1891
-590
-813
-780
-1927
-3279
-3798
-3540
-2268
-576
173
-2293
-3434
-4621
-2657
-3220
-8128
-14457
-21167
296
-1591
-49
1864
2521
1373
1119
-2358
-3447
-439
3496
4410
2340
1175
58
-496
-717
-1705
-2842
-2427
-899
11
-2320
-2861
-4180
-2808
-3058
-7340
-13560
-20028
4621
699
-403
1363
3972
3610
3660
6
-2109
-267
3088
4280
2615
1063
-265
-14
730
-684
-2377
-2415
-1064
-7
-2065
-2475
-3546
-2930
-3296
-7004
-12639
-18641
7159
4270
1508
1931
4550
4365
4558
1871
-365
208
2129
3220
1677
-11
-824
-313
1078
-256
-1730
-2009
-552
906
-1585
-2030
-2755
-3084
-3876
-6783
-11525
-16812
4174
3949
2334
3293
4898
3317
4030
2752
1317
1017
2127
2515
867
-1108
-1397
-649
754
-169
-1565
-1860
-98
1409
-1431
-2028
-2542
-3691
-4723
-7063
-10648
-15607
-1041
956
639
2622
3707
2116
3060
2956
2051
1791
2446
2169
412
-1597
-1743
-827
539
-364
-1961
-1951
-294
529
-2138
-2633
-3692
-5756
-6638
-9012
-12501
-16725
-4284
-1384
-1013
450
1730
1329
2607
2342
2054
2134
2509
1936
231
-1504
-1698
-804
166
-1087
-2399
-1701
-1157
-744
-2660
-3345
-5895
-9132
-10166
-12406
-16388
-20758
-3712
-1636
-1823
-1567
78
875
2163
1630
1414
1793
1994
1573
82
-1277
-1213
-249
-315
-2279
-2810
-1708
-2331
-2312
-3098
-3920
-8206
-12799
-13623
-15125
-19810
-24795
-1752
-478
-1775
-2974
-1649
1222
2101
1418
973
1182
1131
977
95
-751
-316
293
-1498
-3846
-3058
-2336
-3852
-4174
-3470
-4236
-9486
-15173
-15960
-17337
-21626
-26247
-222
299
-1172
-3550
-2740
996
1925
1600
955
669
774
961
643
601
750
-66
-3553
-5166
-3685
-2927
-4811
-5461
-3951
-4256
-9611
-14980
-16224
-18169
-21617
-25237
-548
-41
-889
-3989
-3887
91
1301
1491
1407
818
1034
1509
1567
1570
900
-1467
-5576
-6483
-4472
-3324
-5176
-6465
-4621
-4128
-8718
-12894
-13747
-16328
-19028
-22180
-3467
-1379
-795
-4094
-4638
-1076
191
787
1437
758
1243
1746
2154
1939
292
-3134
-7045
-7545
-5049
-3446
-4777
-7090
-5952
-4168
-7355
-9403
-9027
-12241
-14191
-16459
-6800
-4306
-2426
-4779
-5151
-2025
-943
-113
910
-72
75
854
1666
1360
-910
-4439
-7707
-8089
-5919
-3697
-4703
-7709
-6828
-4179
-6096
-6015
-4248
-7037
-8595
-10189
-8817
-6044
-3644
-6610
-6635
-3131
-2645
-1166
242
-617
-1017
-495
579
-239
-2581
-5604
-8183
-8871
-5913
-3557
-4511
-7520
-6636
-3809
-5050
-3137
-698
-3206
-4994
-6760
-10638
-7034
-4955
-7567
-8282
-5273
-5377
-3055
-690
-1046
-1702
-1790
-847
-2020
-4595
-6181
-8709
-9621
-6552
-3933
-4424
-6697
-5633
-2848
-4055
-1395
1749
-245
-2382
-5091
-13513
-9122
-6316
-8257
-9648
-8105
-8589
-5362
-1996
-1766
-2282
-2731
-2264
-3970
-6223
-6712
-9406
-11151
-8571
-5965
-5887
-6882
-5211
-2404
-3623
-1254
1986
1160
-448
-3459
-16426
-11981
-9181
-9812
-11053
-10174
-11448
-8002
-3737
-2624
-2735
-3582
-3663
-6068
-7708
-7908
-10628
-12394
-10472
-8621
-8168
-7717
-5393
-2601
-3684
-2706
562
695
368
-2047
-18404
-14988
-13286
-12704
-12536
-11352
-12514
-10182
-5609
-3404
-3182
-3866
-4398
-7453
-9091
-9138
-11706
-13248
-11319
-10225
-9961
-8746
-5740
-3059
-4003
-4042
-1607
-369
307
-1633
-21107
-18800
-18500
-17061
-15329
-12541
-13077
-11540
-7787
-4762
-3744
-4553
-5038
-8248
-10395
-10023
-11823
-13246
-11518
-10871
-10832
-9603
-6455
-3787
-4807
-5035
-3413
-1990
-564
-1671
-23945
-22965
-24882
-22525
-18903
-15163
-14130
-12321
-9664
-6260
-4630
-5590
-6230
-9087
-11603
-11071
-12273
-13351
-11557
-10604
-10687
-10082
-7539
-5088
-5787
-6056
-4668
-3731
-2291
-2056
-9996
-11795
-12067
-4171
-1342
-9059
-13804
-13399
-12072
-11303
-12956
-12737
-15049
-20718
-26926
-28692
-25872
-20816
-16800
-15861
-15550
-13657
-10503
-6288
-9013
-14008
-18744
-20558
-19443
-23578
-8917
-11069
-12527
-4738
718
-4466
-9525
-11503
-11112
-10104
-10715
-9483
-10272
-14396
-19571
-20884
-18210
-14343
-10549
-9856
-11370
-11338
-8570
-4552
-9262
-16999
-21783
-22390
-20690
-24924
-5613
-8172
-11371
-4655
1950
-600
-4860
-7825
-8061
-7429
-8072
-7203
-6708
-8694
-12156
-13057
-10733
-7671
-3864
-3443
-6563
-8304
-6503
-2777
-8915
-18762
-23845
-24342
-22367
-26724
-3245
-5249
-10073
-5043
1464
1098
-2039
-4459
-4436
-4657
-6142
-6114
-4852
-4897
-6568
-7203
-5210
-2258
1535
1498
-3062
-5892
-4959
-1797
-8275
-19469
-24996
-25819
-24099
-28433
-2644
-3563
-9210
-6100
-628
302
-1868
-3182
-2491
-3239
-6169
-7242
-5024
-3018
-3102
-3524
-1646
1193
4821
4412
-893
-4782
-4286
-1543
-7739
-19531
-25528
-26848
-24885
-29490
-2631
-2738
-8331
-7349
-3835
-2368
-3755
-3329
-1681
-3199
-7437
-9331
-6387
-2818
-1321
-1255
-281
2112
5680
5381
-199
-4407
-4126
-2243
-7539
-18630
-25444
-27552
-25765
-29957
-2052
-2108
-7398
-7893
-6639
-5766
-6353
-4032
-1029
-3099
-8389
-10496
-7191
-2485
-120
-263
-653
1263
5116
5187
-39
-4369
-4378
-3143
-7397
-17477
-24889
-27728
-26300
-29707
-1481
-1514
-5725
-6827
-7537
-8088
-8552
-5064
-821
-2270
-7264
-9294
-5981
-840
1441
464
-1400
208
4361
4737
-66
-4359
-4575
-3850
-7010
-15743
-23481
-26749
-25716
-28351
-1885
-1230
-3682
-3867
-5986
-8285
-9319
-5745
-1307
-1802
-5337
-6681
-3334
1487
2843
851
-1775
-380
3468
3887
-115
-4210
-4883
-4228
-6392
-13066
-20860
-24597
-23927
-25931
-2701
-2402
-2506
-1119
-2724
-6558
-8640
-5976
-2426
-2383
-4285
-4756
-1310
2912
3250
746
-1909
-766
2279
2495
-567
-3947
-4999
-4494
-5637
-9736
-17135
-21458
-20962
-22347
-3400
-3949
-3587
-836
628
-3569
-6813
-5691
-3501
-3344
-4448
-4257
-859
2829
2802
457
-1790
-975
1149
887
-899
-3468
-4764
-4223
-4509
-6287
-12916
-17848
-17530
-18544
-3825
-5512
-5595
-2753
1530
-1537
-5088
-5076
-4179
-4407
-5082
-4472
-1443
1661
1748
30
-1715
-1187
105
-411
-953
-2963
-4238
-3778
-3259
-3147
-8821
-14448
-13867
-14206
-5608
-6827
-7410
-5259
351
-1435
-4159
-4220
-4123
-4656
-5245
-4768
-2164
357
588
-428
-1577
-1386
-1068
-1530
-877
-2055
-3225
-3194
-2338
-1302
-5990
-11751
-10602
-10455
-9102
-8443
-9011
-7117
-1286
-2552
-4220
-3399
-3137
-3979
-4577
-4262
-2281
-322
35
-693
-1821
-2230
-2514
-2342
-1166
-1462
-2261
-2715
-1819
-391
-4962
-10249
-8511
-8319
-13270
-10918
-10568
-8282
-3232
-4085
-5297
-3241
-1959
-2526
-3309
-3274
-1659
-191
-25
-965
-2897
-3796
-4127
-3343
-1764
-1632
-1976
-2809
-1937
-569
-5190
-9970
-8375
-8447
-15731
-13144
-12912
-9626
-5595
-5687
-6914
-4038
-1609
-1333
-1916
-1847
-780
-236
-621
-2118
-4512
-5564
-5836
-4491
-2919
-2387
-2689
-3792
-2852
-1325
-5814
-9918
-8646
-8946
-15652
-13856
-14370
-10383
-7786
-7370
-8594
-5434
-2711
-1645
-1722
-1450
-988
-1148
-1944
-4239
-6412
-7167
-6804
-5437
-4175
-3819
-4024
-5258
-4599
-2870
-6096
-9064
-8371
-8159
-12923
-12594
-14099
-10860
-9211
-8960
-9756
-6862
-3902
-2206
-2477
-2603
-2393
-2802
-4014
-6189
-7985
-8323
-7758
-6204
-5662
-5849
-5808
-6892
-6370
-4444
-5683
-7932
-7143
-5269
-9906
-10756
-13163
-11113
-10170
-10267
-10787
-8256
-5085
-2752
-3139
-4017
-4259
-5075
-6018
-7829
-9621
-9555
-8468
-7348
-7365
-7948
-7625
-8177
-7113
-5072
-4955
-6371
-5112
-861
-8418
-10525
-12958
-11618
-11079
-11531
-11428
-9251
-6477
-3493
-4258
-5546
-6120
-7693
-8038
-9634
-11368
-10764
-8954
-8419
-8933
-9365
-9023
-8971
-7043
-4520
-3984
-5503
-3716
3251
-8587
-11377
-14454
-13085
-12691
-12516
-11998
-10030
-7869
-4557
-5875
-7717
-8456
-10200
-10384
-11720
-12894
-11292
-9322
-9222
-9995
-9915
-9630
-9314
-6688
-3832
-4306
-6886
-4835
4342
-10947
-13499
-16341
-15171
-15339
-14334
-13111
-11187
-9580
-6180
-7873
-10346
-11221
-12956
-13008
-14163
-14244
-11595
-9396
-9450
-10053
-9689
-9783
-9839
-6881
-4044
-5117
-8813
-7323
1719
-16009
-17785
-19281
-17648
-17578
-16472
-14893
-12383
-11070
-8152
-10280
-13092
-14077
-15626
-15601
-16079
-15100
-11921
-9602
-9508
-9297
-8490
-9680
-10130
-7222
-4440
-5590
-10258
-9659
-2161
-22018
-22721
-22905
-20548
-19711
-18755
-17001
-13592
-12044
-9653
-12492
-15327
-16231
-17517
-17488
-17445
-15600
-12061
-9593
-8886
-8167
-6971
-8255
-9319
-6955
-4321
-5148
-9988
-10162
-5255
-29111
-29390
-28352
-25018
-22494
-21437
-19780
-14915
-12549
-10427
-13669
-16534
-17764
-18786
-18923
-18502
-16593
-12977
-9943
-8257
-7130
-5595
-6680
-8090
-6256
-3451
-3908
-7883
-8592
-6378
-35188
-35614
-34469
-30390
-26551
-25396
-23001
-16791
-12908
-10655
-14109
-16716
-18144
-19192
-19778
-19665
-18226
-14356
-10363
-7952
-6594
-5092
-5682
-6703
-5081
-2324
-2248
-4904
-5932
-5897
2518
4288
-2147
-6339
-4742
-5285
-9382
-10256
-6194
-2318
-2922
-3118
-3548
-4839
-3956
2609
9796
12615
9750
4489
2668
930
-2199
-3821
-5061
-7972
-16690
-26162
-30049
-33675
3880
4437
-1649
-5439
-3976
-3493
-6101
-6889
-3678
-1321
-1879
-2166
-2645
-3489
-1228
6007
11561
11345
7080
3184
2979
1171
-2119
-3650
-5203
-7760
-15811
-25427
-29717
-34123
4288
3710
-1748
-4671
-3180
-2735
-3862
-3882
-1531
-807
-2171
-2802
-3346
-3199
743
7856
11074
8755
4082
2168
2790
710
-2369
-3510
-5702
-7856
-14794
-24939
-30077
-35095
4032
2574
-1694
-4035
-2828
-2474
-2350
-1187
291
-143
-1936
-2898
-3793
-2990
1704
7709
8977
5675
1517
903
1817
-158
-2660
-3181
-5942
-8148
-14089
-24555
-30418
-35995
3404
1423
-1395
-3535
-3199
-2466
-1232
709
1535
551
-1594
-2596
-3373
-2131
2452
6709
6479
2850
-305
286
1371
-512
-2585
-3020
-6355
-8567
-13739
-24139
-30305
-36139
2871
773
-1070
-3110
-3531
-2378
-304
1707
2071
1117
-884
-2196
-3257
-2046
1973
5096
4379
1231
-874
420
1439
-323
-2287
-3307
-6760
-8951
-13467
-23735
-30281
-36344
2231
467
-754
-2757
-3308
-2085
123
1672
1954
1302
-428
-1755
-3276
-2084
1520
3523
2628
426
-553
804
1460
-210
-1945
-3476
-7215
-9393
-13276
-23124
-30013
-36307
1803
338
-508
-2244
-2425
-1487
-39
1029
1295
1018
-554
-1959
-3117
-1852
1088
2105
1379
-15
-216
995
1279
-49
-1754
-3492
-7594
-9794
-13248
-22103
-28788
-35787
50
-160
-278
-1853
-1431
-838
-375
-66
505
690
-773
-2105
-2767
-1357
872
1296
697
-175
77
1046
900
31
-1113
-3222
-7815
-10063
-13007
-20642
-26679
-34740
-2585
-1436
-1011
-1920
-836
-492
-901
-1113
-367
259
-871
-1984
-2229
-695
1092
960
195
-135
1193
1861
784
323
63
-2586
-7943
-9893
-12161
-18978
-24444
-33146
-4405
-1888
-2866
-3666
-1305
-198
-1066
-1417
-753
-83
-1067
-1865
-1745
-189
1213
828
-4
805
2995
2944
641
600
1078
-2001
-7705
-8713
-10814
-17167
-22468
-30765
-4597
-1526
-4522
-5228
-2158
-756
-1331
-1500
-987
-463
-1096
-1460
-1150
219
1257
759
336
2372
4619
3402
87
684
1429
-1967
-7049
-7082
-9312
-15477
-20544
-28032
-3774
-318
-5748
-6168
-2617
-1515
-1702
-1521
-1215
-769
-981
-1092
-548
564
1196
674
1525
4326
5731
3087
-253
967
1779
-1859
-5986
-5496
-8499
-14070
-18312
-24996
-3720
80
-6883
-6935
-3222
-2414
-2046
-1475
-1355
-947
-697
-578
-16
610
911
1216
3470
6268
6056
2620
-100
1296
1324
-1744
-4246
-4304
-8283
-12704
-15891
-21640
-3802
-873
-8605
-8217
-4582
-3776
-2397
-1406
-1472
-1188
-283
-43
167
262
870
2705
5709
7403
5328
2051
465
1388
918
-1408
-2626
-3481
-7778
-10899
-13767
-18962
-2180
-1233
-10451
-10492
-6976
-5404
-2811
-1167
-986
-1003
57
329
45
-278
1386
4744
7532
7385
4492
1936
770
1314
316
-1650
-1685
-2749
-7034
-9334
-11362
-16139
280
-680
-11095
-12076
-9689
-7302
-3272
-839
-127
-516
65
168
-361
-334
2551
6464
8305
6845
3939
1597
581
942
-632
-2282
-1751
-2399
-6064
-7356
-8894
-12818
2816
556
-11074
-12385
-11740
-8264
-3181
-426
635
-172
94
-29
-651
-32
3555
7281
8291
5994
2961
744
433
243
-1550
-3066
-2172
-2520
-5860
-5953
-6827
-9193
3436
476
-10790
-11189
-12251
-7980
-3003
-795
615
140
361
79
-683
274
3662
6963
7540
5278
1856
94
479
-94
-2484
-3741
-2653
-3487
-6578
-5814
-5374
-5965
1900
-2077
-11378
-10318
-11540
-7189
-2787
-1680
86
511
838
80
-889
174
3147
6321
7203
4703
659
-634
290
-785
-3106
-4323
-3797
-5121
-7426
-6170
-4608
-3820
235
-5012
-12844
-10469
-10452
-5809
-2798
-2850
-653
747
737
-442
-1270
-63
2851
6336
7339
3169
-1055
-1536
-280
-1899
-4185
-5385
-5227
-6347
-7294
-5813
-3704
-2751
-71
-7214
-13345
-10301
-9217
-4606
-3054
-3690
-1250
236
-219
-1479
-1627
-8
3282
6955
6414
442
-3393
-2831
-1559
-3468
-5393
-6937
-7152
-7219
-6684
-4584
-3419
-3053
-398
-8381
-13101
-9784
-7562
-3348
-3858
-4150
-1594
-654
-1598
-2651
-1840
186
3904
7072
4249
-3059
-5712
-4466
-3729
-5430
-6871
-8526
-8382
-7629
-5790
-3152
-3220
-3690
-1623
-9906
-12733
-8439
-5273
-2051
-4342
-4982
-2303
-2033
-2981
-3591
-1965
704
4516
6159
760
-6703
-7710
-6186
-5735
-7716
-8276
-9484
-8554
-7188
-5038
-2059
-2992
-3992
-3379
-11352
-12094
-6485
-2602
-425
-4540
-5592
-3807
-3721
-3997
-3928
-1942
1386
5168
4605
-3436
-9426
-9101
-7632
-7598
-9344
-9042
-9253
-7609
-6310
-4047
-1254
-2577
-3491
-6087
-13062
-12002
-5381
-816
769
-4377
-6232
-5530
-5482
-5469
-4526
-1823
2144
5240
2284
-6708
-10843
-9898
-8648
-8804
-10404
-8736
-8023
-6105
-5325
-3091
-566
-2060
-2877
-5075
-15332
-24758
-25135
-23672
-28538
-34754
-35675
-42855
-53074
-59388
-61517
-63219
-60331
-49918
-39501
-34235
-31900
-28967
-23115
-18068
-16176
-14132
-6150
601
-7182
-23240
-29551
-15545
315
-4323
-13987
-22237
-22258
-20678
-23502
-27409
-28054
-34015
-41928
-46426
-47696
-47410
-42265
-31297
-22909
-20048
-20119
-17243
-11770
-9245
-10092
-8914
-2509
3344
-4359
-18498
-23490
-10341
4516
-4253
-12619
-18830
-18575
-17166
-18429
-20335
-20469
-25385
-31064
-34508
-35712
-33256
-25429
-14478
-9002
-9027
-10510
-7592
-2531
-2097
-5072
-4802
-355
4402
-2576
-13730
-17349
-6154
5876
-4241
-10645
-14929
-14480
-13521
-13446
-13832
-13217
-17362
-22288
-25109
-26061
-22158
-12523
-1861
1195
-1044
-3230
-370
3508
1957
-1922
-1818
1015
5063
-663
-8718
-11420
-2601
4666
-4003
-8227
-11283
-11468
-10929
-10262
-9143
-6666
-9173
-13873
-17584
-18681
-13648
-2712
7059
7637
3696
866
3519
5911
3187
-775
-192
1511
4722
269
-4658
-6308
-271
1877
-2718
-6276
-8950
-9085
-8692
-8057
-6322
-2257
-2395
-6101
-10666
-12164
-6618
4120
11479
9645
4583
2253
5070
6638
3574
238
815
1196
3982
502
-1926
-2807
-103
-2217
-1173
-5078
-7654
-7106
-6059
-6052
-4982
-742
719
-1493
-6110
-7829
-2415
7512
12489
8890
4241
3316
6134
6535
3380
807
1537
967
2795
-178
-613
-1031
-1267
-6648
427
-4267
-6395
-5067
-2942
-3768
-4249
-803
1783
268
-4533
-6040
-481
8435
11690
7560
3507
3485
6053
5904
2876
1115
1793
519
1420
-1407
-804
-391
-2486
-10265
141
-4201
-5056
-2691
-43
-2042
-4108
-1546
1418
711
-3287
-4028
1130
8551
10611
6232
2368
2899
5301
4924
2064
1057
2315
128
-260
-2805
-1419
-438
-3298
-12337
-4366
-6290
-5196
-1022
2165
-1228
-4192
-2436
515
329
-2417
-2387
2263
8066
9087
4796
1289
2473
5823
4965
1440
1772
3345
-539
-2447
-4069
-2465
-982
-3939
-13381
-11650
-11476
-8139
-2689
1685
-443
-3646
-2676
-513
-233
-2116
-1643
2431
6950
7358
3525
736
3255
6944
5170
974
1806
3415
-1582
-4516
-5209
-3633
-1710
-4272
-13533
-17220
-16509
-12792
-6842
-1798
-1212
-3098
-2675
-1024
-741
-1840
-1007
2280
5555
5561
2598
1103
4649
7309
4188
-107
612
1012
-3789
-5902
-6178
-4956
-2715
-5298
-14058
-18444
-19438
-17220
-11075
-6584
-3501
-3369
-2846
-1192
-960
-1412
-461
2009
4244
4069
1594
2176
5839
5692
1637
-1821
-2357
-3817
-6872
-8293
-8369
-7940
-5352
-8043
-14797
-15512
-19339
-20040
-14628
-11030
-5525
-3711
-2820
-1232
-1048
-1111
-307
1582
3081
2456
770
3111
5040
1851
-1612
-4046
-6072
-9084
-10864
-11985
-13273
-12875
-10434
-12263
-16031
-10813
-17710
-20693
-17241
-14336
-7370
-3912
-2254
-769
-909
-995
-429
895
2015
1337
930
3525
2284
-2710
-5275
-5909
-9148
-13278
-14216
-15223
-17898
-17424
-15552
-16818
-17219
-6847
-16389
-21142
-19238
-16731
-8776
-4659
-1634
185
-678
-952
-652
298
878
1165
2000
2591
-1942
-7472
-8791
-7756
-11502
-16560
-16965
-17259
-20965
-20248
-19204
-20530
-18064
-3926
-16295
-22205
-20738
-18338
-10300
-5261
-1158
366
-1064
-1293
-929
-216
814
2324
2770
-569
-6954
-12646
-12148
-10315
-14190
-19572
-18561
-17407
-21467
-20670
-20774
-22340
-17970
-1615
-16644
-21978
-20242
-18391
-10792
-5799
-1769
-927
-2978
-2647
-1652
-240
1457
3481
1642
-4740
-12628
-17133
-14883
-12283
-15954
-20979
-18545
-16558
-19933
-18875
-19957
-22272
-17398
-484
-16956
-20233
-17385
-15768
-9929
-5895
-3999
-4283
-5494
-4331
-2799
-949
1187
2478
-1321
-9791
-17414
-19827
-15948
-13018
-16189
-20469
-17527
-15529
-17801
-15909
-17543
-20226
-15134
-179
-17506
-17300
-12111
-11227
-7739
-6516
-7296
-8101
-8066
-6385
-4589
-2800
-1120
-1115
-6139
-14979
-21009
-20301
-15566
-12965
-15346
-18400
-15974
-14334
-15507
-12560
-14221
-16558
-11757
-109
-17066
-13930
-7010
-5945
-5578
-7315
-10177
-11894
-10697
-8848
-7597
-6622
-5804
-6857
-12647
-20830
-23117
-19597
-14403
-12423
-13494
-15704
-13995
-13050
-13109
-9236
-11152
-13116
-8170
32
-15807
-10989
-3505
-2182
-5423
-8569
-12855
-15047
-13461
-12097
-11886
-11800
-12075
-14518
-20796
-26727
-25323
-18601
-13267
-12177
-12447
-13776
-12860
-12223
-10658
-6188
-7892
-10456
-6789
-555
-13550
-7877
-1298
-1495
-7577
-11012
-15130
-18009
-16665
-16162
-17120
-17742
-19334
-23690
-30097
-32824
-27380
-18377
-12886
-12717
-12461
-13121
-12124
-11329
-8390
-3878
-5357
-8790
-6675
-6187
-14231
-6255
-335
-2684
-11216
-14847
-17935
-20947
-19950
-20845
-22672
-23628
-26881
-32982
-38659
-37255
-28275
-18258
-13205
-13743
-13569
-13153
-11660
-10241
-6350
-2489
-3367
-7194
-6391
-17413
-20043
-8863
-2949
-6446
-15698
-18748
-20375
-23225
-22811
-24745
-26908
-28975
-33641
-40357
-44351
-38960
-28132
-17738
-13053
-14553
-14763
-12914
-10327
-8706
-4802
-1403
-2119
-5530
-5426
-30333
-29917
-15449
-9860
-12843
-21008
-21842
-21578
-23745
-24146
-26823
-28898
-32369
-38013
-44398
-46150
-37740
-25992
-15996
-12128
-14557
-15350
-11188
-7616
-6096
-3077
-219
-982
-3808
-4314
2594
6791
7729
3101
-1200
-2363
-2146
-3618
-5866
-5566
-8430
-10954
-12264
-13587
-15907
-16304
-13835
-10370
-6094
-2887
-1074
-343
-35
139
44
469
-596
-5477
-12237
-19506
2105
7046
9355
5728
1468
-593
-642
-1118
-2042
-1680
-4618
-7348
-9470
-11710
-14557
-14920
-12177
-8500
-4773
-1879
195
1410
1615
1710
2136
3148
2219
-2755
-9775
-17984
1153
5839
9125
6989
3203
447
-646
-561
-168
861
-1411
-4087
-6896
-9790
-13046
-13303
-10609
-7136
-4082
-1867
175
1751
1905
1794
2697
4315
3727
-1094
-8064
-16957
278
3943
7475
7214
4324
1023
-1127
-1311
-50
1688
453
-1583
-4348
-7396
-10935
-11534
-9200
-6018
-3711
-2000
-208
1463
1258
991
1888
4147
3894
-486
-7151
-16116
-92
2149
5483
6689
5216
1827
-1217
-2233
-885
1510
1393
255
-2173
-4881
-8409
-9331
-7597
-4897
-3297
-2129
-826
773
352
160
693
3250
3212
-514
-6480
-14917
-229
756
3584
5576
5831
3136
-186
-2610
-1951
568
1529
1275
-637
-2733
-5649
-6626
-5714
-3951
-3246
-2392
-1279
172
-211
-323
-85
2342
2414
-913
-5786
-13323
-282
-109
2083
4191
5514
4144
1470
-1879
-2351
-471
1069
1518
38
-1914
-4020
-4369
-3583
-2903
-3151
-2488
-1409
-138
-572
-578
-486
1645
1819
-1204
-5107
-11151
-334
-363
1055
2739
4420
4330
2726
-802
-2319
-1203
569
1322
-290
-2289
-3386
-2733
-1865
-1953
-2770
-2362
-1437
-381
-795
-724
-649
1063
1419
-1108
-4029
-8391
-407
-352
332
1476
2921
3702
3373
292
-1727
-1548
294
1004
-678
-2765
-3219
-1852
-785
-1210
-2303
-2116
-1332
-638
-1065
-887
-763
583
1180
-401
-2437
-5198
428
442
-124
134
1275
2645
3452
1481
-521
-1030
361
657
-1058
-3109
-3299
-1582
-229
-800
-1941
-1919
-1271
-926
-1295
-1049
-742
289
949
290
-531
-1884
2434
3034
889
-660
-276
1382
2892
2108
585
-200
658
561
-1208
-3152
-3241
-1516
-122
-598
-1580
-1778
-1218
-1018
-1386
-1104
-590
360
866
1103
1555
941
4819
6789
3638
231
-965
439
1997
2038
1281
684
1031
587
-1091
-2731
-2773
-1249
-129
-524
-1365
-1648
-994
-1010
-1518
-1087
-327
640
805
1484
3136
3448
6513
9663
7585
3112
148
381
1361
1444
1468
1284
1404
793
-616
-1928
-1940
-850
-220
-687
-1980
-2006
-788
-833
-1698
-1232
-125
797
609
1496
4032
4811
5902
10068
10584
6722
3090
1538
1406
860
949
1225
1433
946
-136
-1044
-1217
-899
-786
-2039
-3859
-3459
-1399
-983
-2167
-1642
-36
1050
889
1572
4252
5160
2058
6287
10587
9358
6471
3758
2218
734
231
519
733
594
123
-462
-1100
-1351
-1878
-4106
-6303
-5511
-2719
-1851
-2993
-2616
-530
1200
1583
1945
4070
5033
-4102
-922
6976
9329
8993
6195
3686
1259
-57
-323
-246
-48
-15
-541
-1327
-2067
-3806
-6629
-8573
-7665
-4602
-2876
-3667
-3867
-1767
893
2194
2411
3617
4356
-9747
-7860
1803
6081
9358
8118
5054
1924
16
-760
-893
-585
-246
-848
-1884
-3585
-6496
-9185
-10469
-9604
-6738
-4152
-4014
-4919
-3300
119
2625
2977
3195
2983
-15451
-12330
-1867
2287
6814
8690
5668
2164
188
-741
-891
-582
-534
-1405
-3054
-5889
-9480
-11721
-12401
-11634
-9117
-5868
-4449
-5506
-4985
-823
2735
3267
2428
1046
-21412
-17005
-5133
-399
3719
8042
5483
1736
211
-384
-352
-102
-707
-2047
-4690
-8693
-12477
-14044
-14211
-13716
-11542
-7867
-5264
-5921
-6088
-1948
1775
2739
1394
-1350
-27603
-22574
-9604
-3827
559
7072
4656
747
-146
-85
239
745
-389
-3015
-6788
-11535
-15134
-16177
-16290
-15713
-13580
-9617
-6126
-5700
-6193
-2971
255
1480
209
-3009
-32157
-27812
-15060
-9065
-4125
3602
3009
-572
-822
-159
642
1275
-320
-4064
-8915
-14046
-17345
-17941
-17759
-16840
-14611
-10847
-6896
-5217
-5564
-2989
-208
973
-552
-3613
-34564
-30895
-19151
-14702
-10334
-2777
-2016
-2359
-2039
-939
488
1211
-524
-5137
-10556
-16058
-19077
-19320
-18723
-17111
-14545
-11404
-7582
-4748
-4767
-2640
-5
974
-528
-2458
-36889
-33252
-22407
-19553
-17039
-11047
-9574
-6119
-3610
-2073
-418
465
-1183
-6251
-11702
-17261
-20413
-20549
-19073
-16381
-13702
-11159
-8220
-5385
-4633
-2966
-513
1147
-330
-648
-38974
-35254
-24619
-22707
-22128
-18851
-17486
-10841
-5742
-3438
-1716
-1365
-2864
-7662
-12732
-18555
-21443
-21098
-18499
-14906
-11795
-10053
-8930
-6339
-4863
-3423
-1622
579
-166
777
-43126
-39458
-27918
-25390
-25994
-25286
-24874
-16090
-9061
-5481
-3232
-3558
-5479
-9909
-14412
-20113
-22208
-20913
-17765
-13196
-9869
-9242
-9393
-7079
-4853
-3804
-2639
-886
-1010
1418
-48465
-46102
-33520
-29219
-29877
-31478
-31969
-22310
-14196
-8784
-5593
-6495
-8835
-12976
-16855
-21297
-22154
-20116
-16415
-11570
-9076
-9046
-9969
-8050
-5257
-4322
-3796
-2921
-2801
1194
