-49220
2744
-14837
-67329
-44265
-46469
-50793
-66277
-83336
30153
26436
39952
-5790
10637
-69660
34657
13507
65351
-82307
-6874
9988
-20182
-43592
-17659
13328
-76145
-2689
-56595
-19443
51639
-3630
44613
19603
19110
-12045
37951
41530
7713
32866
-14929
-29444
28407
-73533
6970
16632
9323
7651
-15065
-39621
32265
-29796
65393
-13729
6997
27473
-10237
-71437
4290
-9214
-29595
40399
23219
43220
-33507
29812
11568
19492
-88356
-21371
45417
-88
10156
565
23343
-31815
-9530
26430
-32554
-27310
-64478
-8326
-34661
53832
26040
-35521
-55802
-9849
-4044
-27249
-25747
-27147
-44404
-16557
8108
-60281
37574
-2975
8397
-23477
1959
-22701
32757
10446
-26594
32008
-3301
18804
10381
28556
43340
-5449
34747
-18913
-6592
10605
-65919
-41280
-2371
-47009
-9466
-56705
-22767
22254
-54505
3166
-6378
14949
24229
