-2
-65
-38
-15
-94
-77
21
-47
13
-26
56
21
-38
-55
-27
-31
16
55
22
-102
27
1
38
-76
33
41
14
39
-71
-29
19
14
-51
-33
-29
12
-53
22
31
-68
-15
-57
25
-62
-74
-111
39
-86
-74
35
-80
22
8
-123
50
47
20
-49
43
-17
30
19
-92
-72
35
23
-24
-19
54
-98
-66
61
-65
12
-43
-30
-69
-4
7
42
54
-20
-74
-24
-74
10
40
-39
-74
-4
-127
69
-62
-27
13
-11
-66
22
9
-36
-27
-55
-14
28
54
25
15
6
-65
-21
-51
-59
10
-24
-81
40
51
16
43
15
38
-31
-48
-66
29
-62
21
14
28
-57
-16
-66
56
-63
17
-76
22
-71
81
20
62
-56
-57
-14
-77
6
4
22
69
23
-48
-23
-70
-64
36
21
18
-21
70
-56
-40
-94
-24
18
-109
44
-57
48
19
5
64
78
40
-1
-19
45
42
-12
-75
-16
-87
-119
-83
51
44
18
42
-17
-49
25
-127
-37
8
2
25
23
49
43
-22
-111
-87
7
-79
-40
-13
-83
-87
-107
-71
29
-44
21
-34
45
25
-22
-25
5
-69
-74
-30
26
12
-41
-29
18
11
24
-49
-52
27
-34
57
21
52
23
-43
-61
-67
-27
23
-121
-41
-35
-51
-2
-49
27
-102
-77
72
-122
15
-24
-70
13
-75
-38
-7
-95
-67
43
-79
-67
8
41
-58
-76
15
26
22
55
-73
-97
3
-68
16
32
-31
29
-60
-18
23
-48
66
23
-88
52
57
-55
37
18
-23
-127
-21
19
27
25
-39
-67
-70
15
-77
22
-39
-99
-30
4
18
39
34
-47
-70
5
-92
32
-17
-69
36
-77
-7
-25
-12
54
-88
15
0
-52
1
22
12
25
6
-81
-58
-113
-84
29
2
-6
20
21
-8
24
28
55
35
8
19
-74
-10
19
-12
22
29
-19
36
-63
-27
44
-46
-17
46
-76
84
55
54
5
9
13
-89
34
-50
-40
-57
-16
15
-76
-31
-46
38
36
38
22
23
80
5
42
34
-104
23
21
18
-52
7
13
0
-28
-42
14
-51
-45
-45
29
-16
27
18
18
32
-45
18
5
-38
-47
53
-38
-33
50
-23
-25
35
35
-60
-28
5
-18
-25
-32
25
-14
-9
31
15
-21
-67
-7
-14
-53
-24
-44
-5
4
-1
-26
-10
19
17
-42
-20
14
31
27
-41
-29
17
-26
-57
-10
26
-13
25
13
-35
-95
-10
14
15
14
-31
-64
-57
-60
-3
-21
-39
-30
-28
21
5
-46
-71
15
6
-30
-40
2
21
17
25
15
-14
7
-33
-52
-25
14
1
-96
-14
-16
61
-25
0
5
-1
-127
31
-88
-47
34
-95
12
15
-55
-58
-33
-58
32
26
0
-31
4
55
16
-41
21
20
18
32
57
27
-99
15
-6
-31
-2
18
-23
10
-41
21
-36
6
-9
-29
-17
7
20
-24
7
21
9
-31
-76
18
-41
-23
38
-31
-98
-127
26
37
12
-35
-21
-58
12
32
-39
6
-45
48
26
-55
-39
-114
-19
-46
-15
33
-51
-73
30
-51
20
4
-26
2
1
46
16
41
-22
23
-42
7
6
-28
-18
-6
0
-51
4
-9
-34
19
-50
-7
-21
-16
-87
-22
-1
-19
39
-72
24
18
-4
16
-13
19
-41
12
3
-74
34
-59
32
59
34
-86
45
19
-39
17
18
16
-1
30
-15
26
-43
-84
21
-46
-85
-19
19
-53
4
-61
-35
15
-116
28
24
21
-31
21
-56
-37
-3
31
-40
27
-20
-22
-72
-53
-62
16
-15
12
-6
53
32
2
30
-38
61
23
-16
34
52
-12
-91
30
43
38
-106
-39
1
-25
6
5
-2
-48
10
-24
18
12
33
-99
-17
-35
49
-26
18
29
-67
36
2
6
-51
-103
-24
16
13
-27
-25
-7
25
52
10
-65
-127
-13
0
-93
23
27
9
22
-46
11
-3
-56
53
-21
-9
-56
-35
-58
14
16
9
-42
-112
-62
-2
10
-38
17
37
-62
56
70
13
-67
40
-92
-29
22
-52
9
-39
-22
-61
8
25
-80
7
-15
36
26
33
-53
-68
11
15
15
11
-34
-28
-56
32
-61
-28
30
11
2
29
-54
17
-51
44
-64
16
1
-10
40
-17
20
-95
22
-51
12
31
-25
19
39
-58
-66
23
14
-55
45
14
-18
22
-54
19
-34
4
-97
26
-28
13
-70
31
-81
25
-41
-55
-63
-49
13
-30
-55
-12
5
48
20
31
37
-2
-34
22
-2
16
5
-63
-11
-14
30
30
34
-37
14
21
-60
-20
10
-97
19
35
-37
43
31
-38
39
-41
-95
-14
51
-2
22
0
-127
14
42
-47
27
5
-97
-15
-28
-15
-13
-56
-122
3
35
-41
-69
-75
40
-1
-71
40
-71
25
-14
60
20
-48
14
-25
20
13
-108
54
11
-49
-65
-66
38
-5
-69
-26
-3
19
49
53
-123
50
-28
-88
45
-61
38
-74
17
-47
-22
-61
8
-9
-52
-14
25
39
-2
25
2
-74
45
27
-59
27
-50
11
-127
33
31
1
8
-72
64
-7
-51
-59
54
42
13
-24
-30
19
11
-6
8
11
19
49
46
16
8
15
8
-26
-63
28
13
23
22
-111
16
-85
-44
31
-50
-120
-5
-94
19
-32
-81
4
-49
-43
-113
-53
0
49
14
3
-11
0
37
14
18
-41
-35
-103
40
-22
-41
-50
2
-29
28
-39
-90
68
-21
-26
28
-51
13
54
28
-91
-67
-2
34
69
15
11
-49
-93
-2
-58
42
18
39
-47
-20
43
-22
-40
41
51
-111
10
-61
-2
-59
-68
-63
5
-41
12
20
5
-20
-29
-17
30
-25
2
7
-127
-72
16
32
-4
16
-30
-32
10
-12
-33
33
-48
53
-88
21
-48
-3
18
-49
28
-53
-83
66
-53
24
-25
11
16
-32
-115
8
22
-14
10
34
-17
-17
32
-55
0
50
19
-20
-90
27
-18
56
6
-5
-89
23
55
-107
36
3
37
-96
22
-40
45
49
27
2
45
-111
28
-62
25
-86
-59
22
-30
-79
93
23
26
-47
17
38
113
28
5
38
7
16
-54
24
103
-97
34
0
-113
-65
-44
-89
17
-27
44
-29
-5
-14
-16
-54
-15
27
-33
-45
-17
-31
-103
-57
2
-52
21
-53
22
-44
46
-12
-15
-19
9
50
38
-69
30
32
-10
-82
20
4
-90
-127
-36
36
17
35
33
-83
30
39
-40
9
-11
27
-68
-28
51
3
-105
-117
14
32
-45
33
-123
-12
-95
-83
18
16
34
27
51
54
-64
-86
-20
-5
-21
-25
2
16
37
19
11
-21
-67
9
-47
43
-17
-22
15
-20
8
-83
-61
-61
7
27
-106
26
-38
-38
3
-72
33
-63
-107
59
-1
28
16
-115
15
-3
-37
0
6
-42
-7
-24
-17
-12
-2
-114
8
-43
-25
-16
28
30
-39
-1
-62
-29
-2
2
-9
-5
1
9
-13
-16
-26
-43
-20
30
18
2
-6
-22
-90
9
-17
4
-42
-26
-52
-12
-26
-18
-49
-118
13
24
23
-29
24
23
-43
-27
-4
-127
13
18
-3
-14
-39
-16
8
-2
-39
-43
-31
16
-33
-22
9
-3
-9
10
5
0
-20
-19
-5
-12
-3
-3
-1
-120
-64
-31
-21
-24
-13
6
-2
-6
-17
-19
3
6
-24
18
-21
-32
4
-36
-19
-1
-29
-19
-22
-10
-5
18
-34
-58
-6
-6
-33
-59
-19
9
-72
-42
-29
3
23
15
-9
31
-79
20
30
-24
10
-2
-33
29
-66
10
20
18
51
33
-13
41
-110
-17
28
12
-12
24
-6
6
75
20
3
-108
-127
30
3
44
37
-11
-12
32
29
8
10
8
-15
27
59
38
-62
121
-8
-8
29
40
-59
42
12
100
21
-12
10
12
-12
-35
25
56
37
37
15
-12
-30
14
-3
24
50
57
4
14
43
-11
0
25
35
-6
25
-14
21
-23
1
45
18
48
-70
-11
91
7
26
12
2
23
16
13
49
25
26
21
-1
29
21
-18
21
-47
-45
19
6
-10
69
17
21
-34
-33
-81
27
41
-14
5
80
-6
13
38
17
