-47
70
127
63
21
-27
30
27
10
-30
18
111
62
-127
9
-35
-32
-82
-70
-37
77
-40
-43
-15
79
-19
-11
-76
-11
61
-52
-7
3
41
-10
-4
22
16
-8
-4
-41
2
-32
-63
-62
-15
-30
-58
-41
27
4
4
20
57
-38
-36
127
78
47
-29
76
11
-54
11
16
7
-14
-2
2
-35
12
1
17
3
-4
6
-6
-22
28
-22
28
-15
8
-6
127
12
17
10
13
8
0
14
3
-8
-9
11
28
-24
127
6
12
26
-10
-11
32
4
45
11
-40
-22
-40
34
-42
-93
22
-24
58
110
16
-24
-55
71
-16
-37
34
5
-69
-7
-9
70
16
7
37
-9
64
-4
-89
41
-66
-9
-48
14
24
62
-121
-53
-73
38
3
-50
-22
57
127
68
40
-30
41
-1
-1
83
-27
-30
92
27
3
22
22
-34
92
31
32
-2
-9
19
-46
-39
-17
-19
-127
-38
30
16
14
-10
-66
-34
-20
2
-46
62
-56
6
-23
20
-75
-20
62
10
-63
30
-37
-2
-90
120
-67
-97
-47
67
-80
12
-39
90
-66
65
-54
93
15
50
8
21
87
-117
127
-2
-32
-7
27
-31
-42
35
-5
-46
-13
-6
-33
-59
-71
5
3
-7
-39
-90
-1
52
2
56
-41
50
52
127
15
-9
-1
17
34
-17
59
88
-24
-50
-11
-26
-8
71
-37
29
-41
11
-6
-50
-47
24
-25
8
117
29
8
59
70
-47
-55
-6
67
104
-96
-9
127
8
66
-27
110
42
36
-28
52
-73
43
6
-6
-81
23
118
48
86
89
14
-109
-1
8
-42
-42
46
40
40
-24
-59
-40
-47
-127
42
-75
-8
21
56
-27
46
127
26
-20
5
-14
-18
31
-36
46
90
-8
-74
-50
6
-82
52
-102
46
2
-23
-52
-30
89
89
-34
-39
2
115
6
0
1
17
-6
127
-20
-39
45
43
-16
-42
-47
1
6
-24
-54
6
4
69
-35
-33
18
-8
9
-18
9
-6
22
-4
-8
45
-13
-94
-67
-127
105
-38
39
-27
41
-44
-64
-102
120
49
-4
-4
35
-9
-94
24
-31
42
-115
24
-34
103
-99
-74
10
2
76
42
6
-50
18
96
9
-33
-26
-117
-16
-28
-52
2
32
-29
-20
-48
-65
-49
-48
127
-27
28
-67
-18
21
-78
-83
-2
45
64
7
-68
-44
-99
-127
-62
-100
-3
94
-15
61
25
11
-11
-74
-91
67
35
-19
6
-21
-22
-112
32
-65
-45
13
33
-36
59
5
-40
-125
38
74
-49
-2
123
-24
-44
-2
-16
43
-59
7
-73
60
-11
26
-68
11
50
-80
9
-127
-43
-110
15
-21
2
5
76
-22
85
61
33
56
38
40
48
-13
0
31
-127
-1
-18
19
-1
0
-51
56
-10
-9
-43
17
53
-46
-22
7
1
9
-52
-43
29
1
20
-57
-26
44
40
18
6
81
-43
39
-67
-13
-28
11
24
-53
61
34
31
-76
56
-33
9
-31
26
16
16
53
-127
108
-30
-76
-35
23
12
-127
-41
17
-9
18
-55
17
-26
-8
44
-24
82
-68
100
-24
54
-114
-61
-118
-105
126
-85
-4
-11
-104
-4
-101
72
15
-39
22
-14
127
19
16
-35
13
-39
1
-7
11
-29
-26
-101
-32
-13
-29
-5
-47
50
33
53
27
-2
1
17
26
-18
45
70
4
68
64
68
10
-7
-88
33
61
90
24
-127
8
-50
-11
-28
22
15
-25
25
-26
5
-74
-19
-27
-13
-1
6
27
-11
-51
7
9
-13
8
45
-76
3
25
-10
-37
29
-53
15
-63
-20
127
-17
107
-39
-25
19
120
-21
-72
-9
-59
-38
-2
-8
-11
12
46
-28
31
53
47
-51
-74
-1
38
-15
39
67
40
-2
81
-37
0
-111
-68
92
82
-103
123
-29
89
119
17
28
-118
55
127
119
21
-53
103
-91
11
66
-16
-60
-55
39
-42
21
51
80
127
20
99
48
99
-56
10
-32
-1
4
30
-12
19
32
102
-10
-22
-46
-11
7
-81
21
51
-39
-69
3
-21
33
-107
42
-46
-93
-57
11
37
75
19
-8
28
-46
3
46
32
122
-19
-72
40
97
-70
-27
2
81
7
-127
39
-13
3
52
11
101
25
-59
-16
-56
-125
-52
61
-41
-22
12
21
-24
20
-5
-18
8
73
109
-10
30
-6
-55
-7
-127
58
-4
-63
36
-15
47
-45
20
-14
71
30
-54
29
-37
51
-73
35
37
6
15
38
-30
-5
-2
12
-127
20
-66
-60
22
-17
5
-33
-30
14
18
-3
-44
-11
-44
79
-2
17
21
-10
-37
12
-2
7
127
-2
-23
45
38
7
10
44
-11
-21
9
-25
-5
20
49
24
-38
-27
-18
-33
-9
60
23
43
-16
6
-38
-19
-127
-7
35
-8
-43
-53
-2
-72
4
-46
-6
-86
29
34
-48
47
-53
37
-6
-77
22
28
-34
2
47
3
1
14
-65
-17
37
-11
-127
-45
1
23
-38
-2
-31
-32
-25
-30
0
-63
37
-25
115
41
-23
34
1
-55
-6
61
57
20
42
4
38
127
39
-40
-49
-10
56
88
-23
71
121
-44
-77
12
-24
-16
4
-97
-61
59
76
-46
-87
-36
65
-82
-18
-37
-66
5
-107
-78
-38
56
54
-31
127
45
-12
83
38
-106
35
-29
-51
-8
-24
-11
-79
-89
-16
-8
41
103
-42
13
-10
-120
-55
53
-8
-28
-23
-127
110
-30
-25
-37
-56
-123
-51
17
20
110
-57
44
-35
-3
-38
-4
-40
-48
-38
8
1
-34
-33
66
-28
-103
-16
33
50
14
-12
6
22
-56
14
-9
-30
36
51
13
-1
-36
-44
-21
-53
27
-36
38
127
-73
-44
38
14
45
-36
3
-15
-67
12
65
-29
-55
-48
-40
32
-9
-78
96
44
30
13
62
22
23
-13
24
84
35
-24
33
-28
85
74
-34
-87
-40
9
-19
-26
-127
-57
18
-14
37
55
67
75
10
10
60
85
-20
108
66
1
59
-110
28
52
-23
-17
-12
19
47
50
-60
-127
12
8
26
76
30
60
-21
-8
6
-63
-127
20
20
32
15
25
19
-31
-20
12
-23
22
30
-48
-33
58
82
28
-9
20
89
28
3
55
32
32
-56
-65
-6
127
-38
16
-83
-1
-13
26
-122
-21
21
3
-89
-82
10
30
-19
-31
-91
32
-24
4
-6
-7
43
18
-9
-7
101
-9
32
-42
73
-15
-26
3
13
28
7
-4
83
-19
14
12
-21
17
-31
-67
127
0
71
12
28
-5
-68
-15
-94
-33
-1
-33
-19
30
3
-53
126
36
58
85
2
46
83
33
-14
-106
40
-42
-113
-65
48
-127
-68
54
-96
17
20
-77
-80
-13
106
-95
56
-25
-104
36
-120
65
67
84
-29
-80
-38
-12
14
18
-38
26
39
-29
26
-36
48
-76
-12
6
127
-47
-23
46
26
-10
-11
4
44
40
-66
11
41
21
68
-127
35
48
-88
-37
-14
12
-28
0
9
-19
15
51
-11
-21
13
-32
25
44
-42
28
39
-3
61
28
47
26
16
34
-9
8
49
27
-17
22
-20
-29
56
0
3
-127
-10
26
12
-3
27
29
53
49
36
23
-64
-3
-36
-29
2
-46
-14
4
-28
-5
11
-105
24
-8
107
23
-14
-3
127
-29
14
44
10
-19
-48
3
-42
60
-68
-69
-43
32
-62
-23
12
-33
20
-12
51
-32
-17
50
-39
58
21
29
127
10
-38
-26
-16
-30
-16
-9
10
99
-63
-25
21
-47
-25
-42
-32
36
29
-4
8
88
40
-22
56
-5
8
64
-10
7
-19
-8
-13
22
7
13
25
17
8
-19
-31
-22
-14
64
9
-39
-8
-25
-127
-30
-37
17
-25
34
54
19
-7
-37
3
9
-33
6
55
8
-92
19
-8
43
13
-29
-56
17
-103
11
40
9
54
64
10
17
3
45
-16
7
-26
127
95
47
54
-57
88
-112
-118
-95
-86
64
74
-70
35
-101
93
-24
-45
56
69
28
-37
-21
-2
24
-5
-7
-109
-9
14
29
9
46
57
22
-17
85
34
-49
-65
127
-15
20
37
-19
-104
-123
57
7
-38
-10
-18
-8
-127
-41
-10
-24
-17
-40
-63
37
25
-23
-20
-37
56
4
27
23
83
34
14
21
127
28
0
38
62
53
66
86
17
-74
45
55
102
49
-26
-74
58
0
46
37
37
27
17
40
51
-116
39
-90
35
-10
-29
19
70
-68
22
32
-55
101
-30
32
90
-34
51
6
-84
-13
63
-127
108
-50
-14
9
19
34
-120
22
-1
-3
56
-59
5
-17
-55
-59
-3
123
2
78
127
56
12
33
-21
28
-52
2
-3
26
-28
-64
-24
-35
2
-32
-85
4
-51
-8
-21
-21
-48
-72
57
-22
18
52
-8
0
-53
11
14
-29
53
-47
-9
83
-6
-1
71
41
-127
45
-6
7
-99
-120
49
39
40
-50
24
-8
47
-2
33
-94
38
30
18
103
9
-116
-115
81
-17
47
66
-107
-55
-71
-111
96
51
-98
127
49
-47
-37
43
60
-109
-35
7
13
-1
17
-35
-56
-83
-34
25
24
-5
-26
-21
57
0
-59
-46
-21
-110
-28
77
50
8
127
1
-1
-24
-44
-40
14
35
24
49
38
-9
-76
49
-60
-11
20
96
39
-21
-4
-27
-72
113
-76
89
-12
-53
7
-35
-22
-25
127
45
36
16
18
4
-72
-23
27
-31
-65
-25
-6
-35
58
37
-71
-14
-46
-18
94
-53
-4
-94
-8
10
-9
-127
42
-76
-84
54
43
33
75
-12
50
-49
-80
-95
52
71
-52
-13
-80
8
9
40
-68
24
46
-4
-20
-9
-53
-21
29
-4
-9
29
17
-6
32
56
-3
-26
-15
8
-24
32
-17
46
-10
-29
4
-25
127
-47
-34
-12
-3
-55
-48
115
56
52
-27
30
91
-18
63
-5
47
46
-83
-55
-14
-27
22
-50
51
-28
-72
-127
18
12
36
37
-58
-11
-25
112
33
66
-61
54
-9
-28
-23
-30
-38
67
26
-51
12
-61
44
20
-71
15
127
65
-35
86
-7
104
31
-20
-74
-37
70
51
-99
-27
21
4
-25
-53
-29
127
73
-14
0
-8
2
45
2
97
27
-75
15
28
-39
45
-44
-43
-29
-24
59
17
10
9
5
14
23
33
-11
3
-7
-6
-4
-4
1
8
1
18
7
10
127
-9
-23
19
59
15
9
13
35
52
-14
36
17
23
-33
-40
23
23
-1
51
-37
22
31
-61
50
-2
30
-47
-13
-50
67
21
-17
61
-66
-16
-98
-110
-47
-47
-110
78
14
-39
59
127
-17
89
27
97
-124
-13
-15
127
-30
43
12
-47
73
26
-29
11
43
41
7
6
4
30
-89
43
8
43
60
-25
-5
-6
77
60
3
116
-25
-5
35
26
-26
-49
97
9
15
14
-53
72
-73
-61
2
-15
-64
4
16
-54
80
-60
13
-65
-103
6
-73
-39
36
6
17
-30
-43
127
-67
13
-40
14
4
31
12
-13
23
-5
22
-39
50
13
2
68
-48
41
51
18
-9
127
25
31
61
59
-25
-3
-10
-11
29
5
7
15
-44
27
49
-68
-24
35
58
-90
-21
-82
23
-104
-14
45
18
127
51
-98
68
28
59
-2
-27
25
35
119
-9
-46
4
29
-118
33
49
-26
-66
-8
48
-127
-41
17
-12
-55
-78
64
-43
12
76
85
-17
-7
-13
-26
6
-93
-16
-27
-56
115
-43
88
-3
69
33
-58
69
-22
69
40
6
36
33
127
-57
3
-62
23
16
-40
-3
-60
42
-6
-20
-14
14
-14
-28
17
-4
-31
-5
-14
-4
11
-4
-38
-35
2
7
-41
6
-60
-43
76
-34
-56
20
-103
-41
-125
-65
-22
-2
-68
39
-95
-40
20
-107
-70
62
84
-41
-15
26
14
-127
-91
15
1
55
15
-28
-64
-6
-29
12
-12
9
22
8
12
5
47
-15
40
-2
-11
-17
127
-32
24
30
54
8
25
-16
42
11
-2
16
-6
-4
29
19
28
80
43
-11
-18
26
1
-3
62
-2
-37
-47
18
19
31
-1
-29
9
4
46
26
14
16
-127
55
-34
-9
-9
86
-32
-7
-7
-18
-4
22
-42
-32
-22
20
-25
94
7
-34
11
-85
-82
13
-107
-67
-42
-24
84
29
30
127
-55
68
-55
39
32
-26
-50
-15
50
31
10
-38
-10
46
45
44
57
95
-9
26
-4
-7
65
-29
31
18
-61
127
-12
-71
-107
-44
-3
-9
-84
3
-33
-17
-4
-8
-45
20
-15
-127
21
39
1
2
2
-27
0
8
-11
13
-17
-33
-28
65
28
-10
-5
22
-10
-28
20
-25
-38
13
-16
62
71
58
25
29
102
65
-82
65
-42
1
24
51
28
82
-108
56
-42
115
50
-42
39
-51
127
-74
52
120
34
22
-43
-2
22
-127
58
-6
-118
-20
-29
-46
-40
18
35
-45
54
-72
-50
-12
17
-9
-47
-79
-109
15
51
-71
7
-63
34
-75
-31
-2
-40
-36
52
-37
18
16
-4
-11
-12
1
10
12
-19
37
7
21
6
-29
7
4
-127
-5
-16
-10
22
-32
10
9
64
21
2
6
43
11
-4
-25
-23
-25
-2
-2
24
-20
18
127
50
-89
34
-56
47
34
18
116
-30
-38
67
41
-33
1
62
-3
14
17
-27
-47
13
25
-125
-6
16
-17
-1
11
-6
45
31
26
-67
-54
-5
-29
15
-6
-15
127
-16
10
34
24
19
-57
6
14
-18
26
-16
46
-30
-51
-110
-11
1
-44
0
62
-1
31
6
19
18
66
27
13
-8
-127
43
-8
-37
-31
3
6
52
-55
18
-7
-7
15
-33
36
30
-14
3
38
64
21
-127
33
-70
-1
23
-34
34
37
-60
-15
-38
77
27
-13
-36
35
-9
-2
74
38
24
-64
-13
-57
126
-77
-24
67
-22
21
16
1
-20
44
14
-127
25
115
-40
72
46
-17
31
49
-95
-12
31
0
18
21
66
-4
40
62
3
-61
51
-80
-49
-29
-16
49
-38
-8
8
-58
-82
-2
10
-5
-4
9
16
-13
10
35
-12
-8
-39
16
-18
57
-6
87
-49
42
-10
-6
127
-53
16
8
-1
-60
-64
6
2
-69
-17
-89
-54
-17
12
-7
-67
-115
14
-64
-47
-37
-2
-127
-80
-32
-49
4
-24
22
36
-59
2
55
-31
-2
-7
30
16
87
-8
30
28
80
-4
-19
-47
-93
2
-77
-46
-21
-127
20
97
-31
-3
-16
-23
-24
-41
-15
-108
10
26
21
-54
-37
-2
13
-20
40
23
-21
-20
8
-23
-22
63
-107
18
28
-23
-17
11
-17
27
-46
-53
-2
-4
10
33
-21
-66
56
-26
127
-56
21
52
-29
34
57
-127
-74
-28
66
-17
-4
29
11
-73
49
14
-122
23
6
24
-53
-71
-42
-56
-45
-7
-41
-16
9
57
19
-66
-55
-26
-2
21
21
-58
-127
-46
5
-44
40
8
-62
-47
34
-37
16
66
-9
-33
-90
-48
-38
-12
-35
-20
-3
43
-49
11
50
69
-90
-46
27
-52
-16
8
-14
-29
4
-127
-17
45
16
-109
19
43
37
15
-28
-15
-4
-17
-60
56
-24
17
-15
-63
63
-46
14
32
-56
21
-10
-21
36
-64
-37
-9
-2
-127
1
-28
-77
-117
-95
-23
-27
50
2
26
-55
-81
-29
52
1
40
-47
43
-38
8
13
-35
31
23
-2
-4
-32
15
-59
66
-60
1
-35
-5
-127
-44
4
-6
15
-19
22
16
-4
50
-32
30
-13
61
-18
2
20
-79
77
-85
-6
-3
13
-40
-79
-72
-99
-59
-49
-99
117
-41
-40
43
87
-21
55
10
8
31
-80
-109
92
9
45
-11
30
-11
13
45
11
-62
-127
-82
79
104
101
-65
-28
-21
42
17
7
-46
-8
127
48
-11
69
-55
17
-70
53
-53
41
41
-5
84
21
37
4
-38
22
110
-58
13
-7
10
-13
12
19
-14
-37
127
9
-13
9
29
18
0
-6
-17
-16
9
-3
9
3
-26
5
-6
-2
-51
-1
9
-21
12
62
-21
19
5
-22
-12
49
13
-11
-16
-18
16
-45
-9
-19
-1
17
12
28
38
-10
3
27
-17
-7
9
-21
-18
10
-16
12
-127
-10
24
63
-58
71
26
20
-4
36
51
26
1
-57
17
46
21
-14
-63
9
-49
-34
-10
19
-40
-54
7
47
5
127
18
-102
-33
39
5
-22
127
4
-14
-42
-13
-10
100
-74
-56
-49
-36
-16
-86
50
0
-34
3
-24
-41
-3
69
-37
-111
-20
16
46
30
94
-29
-28
38
9
20
-19
-79
-45
11
4
12
-15
53
-1
12
35
-127
29
-6
-5
14
113
-21
-19
47
-19
-42
-44
-7
-67
44
-15
19
30
26
53
-38
15
11
-127
11
-21
-15
7
-76
-17
-56
-71
-27
42
-34
34
49
-5
-28
-29
42
51
54
13
8
28
-22
49
27
3
19
-40
-24
-23
-22
13
36
-25
21
-16
68
-49
-51
31
15
-27
-31
-47
-13
5
-127
26
-69
38
35
-36
-32
17
13
19
-46
25
26
28
-17
40
-19
19
-6
-5
9
4
16
22
-13
-13
-25
-16
-9
12
-127
-42
-42
-49
65
18
24
6
13
36
-16
-20
33
38
16
-15
-33
112
54
34
-9
65
-23
19
66
0
42
8
-127
42
-24
1
25
-6
38
43
69
-34
53
-6
31
56
-42
16
44
-15
95
46
10
-96
-52
117
38
15
32
-8
-2
-11
-17
127
-37
-31
-20
-25
30
40
-106
7
49
-26
-27
-66
-24
-35
-43
-19
19
-24
10
18
23
47
-26
-54
-36
127
15
-19
-20
-39
-26
-11
-8
12
21
-10
-19
26
-14
1
69
-34
-52
-60
45
40
-50
25
74
17
51
-19
17
-36
-2
12
-18
-11
127
-30
-18
39
82
-15
-11
-36
-24
-6
6
8
-12
4
37
-8
-54
-3
-67
25
2
-21
3
74
-32
-59
9
53
3
-127
27
14
84
-36
-53
-91
-17
63
37
56
16
-11
96
-31
16
-47
-9
-9
4
-15
-1
25
-35
11
6
-91
41
-24
61
-65
30
-54
-45
-35
75
-104
-5
-58
63
-9
-127
-34
44
-12
18
-11
-13
-48
24
-17
-5
7
34
39
7
-22
20
69
-59
5
-35
82
2
-73
31
11
-127
-31
91
2
-48
91
41
71
-31
-15
-29
4
50
-60
59
-103
49
-17
-30
-5
-57
54
-8
-39
106
1
70
-38
-48
-27
40
80
-59
-22
-54
44
-55
-43
-4
-16
9
56
-74
-18
-7
2
-24
-127
7
-53
52
21
-27
-48
-61
-77
22
-16
-44
-4
-96
-67
-56
-34
-42
11
-30
38
-86
-13
-57
0
16
16
-35
-68
-64
-34
67
-27
-33
-127
-40
-4
-33
35
11
-25
11
62
8
-71
-125
-24
-115
-124
44
-3
-39
-45
-31
-45
60
58
-60
77
-32
49
-55
106
10
-14
3
30
-26
-33
127
-52
-12
0
2
-52
110
-5
5
30
4
71
61
-25
-78
39
-7
-9
-44
10
-22
17
-48
-53
-34
-2
-23
-13
-127
24
-37
-32
-2
9
42
-1
50
24
-17
14
10
6
98
13
-36
-2
-56
38
-27
-26
-5
29
-25
-42
-25
-7
-6
-32
36
28
44
-9
10
127
-74
36
-59
-5
34
-12
-32
61
-2
-53
1
-32
-79
39
1
-105
14
-115
-39
-21
63
-5
10
-115
31
102
39
31
127
42
9
-21
4
63
-20
-79
-38
66
34
-40
-59
46
70
-46
46
37
-93
6
-55
18
9
-81
-49
28
82
4
-127
-5
38
32
-57
-4
-95
-30
17
14
-67
-98
-50
26
-42
27
-53
45
19
48
-6
-10
26
-83
-20
80
8
-32
110
62
28
22
29
79
127
-5
-31
28
103
-25
-39
126
-20
-23
-30
39
-34
-40
127
-1
20
-15
15
-5
22
-23
2
48
34
-49
-3
9
-37
-30
-48
-91
-53
59
-20
60
3
37
-19
-31
7
-12
-50
-43
-33
6
69
-55
82
6
-39
-11
-35
-12
17
14
-42
-66
2
28
40
-96
33
-38
31
-39
-16
122
79
62
-127
61
52
-84
-37
-45
-1
63
45
-102
22
-36
60
41
45
7
98
-39
-100
7
-43
22
32
-62
31
-38
30
44
35
20
-127
-22
-27
82
-56
26
91
5
-8
-32
-23
23
26
99
-5
-93
9
-6
-21
76
-16
-93
38
8
-14
-34
-127
39
-1
28
-48
-24
15
40
29
94
-3
-74
-21
-57
-58
75
30
-88
-1
38
-1
84
17
7
26
-25
0
-118
-24
8
33
-118
-85
-31
85
-109
10
0
54
51
-32
31
127
-35
-31
-19
109
33
56
86
-2
43
-30
53
76
-68
18
39
-80
67
-13
-101
45
52
54
6
-26
-68
126
127
-11
14
-80
9
-54
-57
30
14
-29
21
13
23
12
12
1
-2
20
-9
-4
36
27
-11
9
-26
-15
-23
11
-6
-24
2
59
43
23
127
-30
5
-32
-10
22
-27
-5
38
-1
82
-3
68
46
10
-33
44
-15
-2
20
-36
-75
45
6
-19
-44
-1
-97
52
-6
44
-127
88
-14
38
-51
10
25
-3
39
2
-61
-4
53
-87
-34
-27
-23
43
-11
-15
-50
75
-53
23
17
-35
-50
-26
127
-44
69
-52
22
-22
16
82
16
49
55
-23
23
1
-12
-41
14
23
29
67
-32
-13
7
-25
17
-43
-106
127
50
-58
-18
22
41
-61
-14
-83
-10
-8
22
62
41
-70
-21
-6
95
-45
-13
45
-6
-57
58
-65
43
-14
-8
89
-127
40
-8
-40
8
-4
67
-59
-7
67
-76
-86
-39
-47
35
-62
3
102
69
