3961860352
2275076096
2542931712
2887694336
2291450880
2492661760
3479340032
2883059968
2324271360
3516770304
2285207296
3469603840
3969419264
4167916544
4226051584
4093329664
2666187008
4293820672
3340450560
2974551552
2558495232
2266721280
2778849280
2507529984
4258821120
3885955584
3113601024
3283379456
2392646144
3021457920
3838752000
4020572416
4246933760
2673608704
2192569600
3918082560
2528528128
2581463040
2985139200
3036076544
2588708352
2687435264
2800621568
2580899840
2654619392
3377141760
3697410048
4025022976
2214232832
4263709184
2216451072
2510510592
2295433472
3575830528
2517882368
2180072960
3834700032
3895739136
3942225664
2266978560
2627267584
3993024512
4002283008
2624109312
4093347328
3307986944
4214547456
4288140544
3415643392
4031490304
3802681088
3076545024
4128624640
2562789632
4051796992
3352727808
3975580672
4188937472
2578929664
3259936256
3604418816
2222330880
2630311936
2957888256
4266018304
2329937920
2549279232
4240720384
2551508224
2517118720
2319577344
2870709760
3779513600
4036273408
2243676416
4155097856
2312212992
2510625536
3027471616
3131347200
2886008832
3901007616
2358461440
2354639872
2776174592
3802990336
2626596096
2698437120
3950188800
2654775808
2781641216
3984170752
2615451904
2979731456
3644815360
3770212864
3857325056
2829022208
2186152704
2184639744
2289633792
2284954112
4017746688
4139876864
2164702720
2477953280
2347727360
4222792192
