-687
-394
-102
-463
26
8
-32
-228
318
-291
-370
-77
229
-227
-52
191
-460
-566
153
-320
-14
398
-179
73
-302
-518
168
-242
-9
-250
-451
-78
-318
-234
91
331
-352
-292
-236
-186
283
-190
-233
-543
-406
-87
-632
68
-363
-427
-387
-16
-332
-14
-338
-363
-192
244
-185
219
84
-16
-421
-521
-512
-202
104
153
-313
-137
-189
-465
-534
148
99
-315
81
-194
-209
-305
-212
332
68
217
-62
1
-330
-162
-333
35
-68
-580
-145
-260
236
34
-223
191
196
-352
12
-175
-269
167
-296
107
139
-309
-9
8
-39
402
48
-487
-894
57
-227
-44
-541
-79
-410
-343
-231
-347
227
236
17
320
