73
64
74
78
84
83
59
51
53
57
64
68
66
48
68
61
68
63
58
62
59
56
52
64
52
47
59
70
71
70
68
60
64
55
57
56
56
54
59
43
64
78
77
77
79
83
70
47
52
56
57
62
61
66
70
64
64
59
55
55
55
58
57
61
59
63
66
69
62
66
64
60
60
55
55
58
58
53
56
43
62
71
77
84
86
89
71
65
59
60
67
64
65
70
76
73
66
56
59
65
61
74
101
115
110
93
107
118
112
96
88
105
108
92
68
63
58
55
47
45
61
72
81
92
100
90
79
74
62
59
69
66
69
61
71
73
71
63
63
65
61
78
107
123
116
95
110
123
116
100
92
109
112
96
71
70
60
59
49
47
52
63
71
89
93
81
71
72
55
61
52
50
68
67
72
66
57
63
55
60
60
55
75
88
81
66
81
83
79
78
68
68
79
66
61
63
61
56
47
48
45
60
69
78
76
73
67
52
60
59
51
53
57
66
73
61
59
58
57
56
58
51
62
73
66
69
68
70
70
66
60
59
62
59
60
56
56
54
53
44
53
68
74
77
74
62
66
56
58
57
41
53
60
64
65
62
55
56
56
51
49
55
58
62
57
60
65
66
68
63
60
56
57
54
58
60
55
49
45
40
69
68
68
65
70
64
59
51
51
54
49
46
61
70
58
57
55
56
46
59
57
53
64
63
58
61
58
59
65
63
56
49
51
57
59
61
57
53
44
40
66
65
72
75
74
65
58
40
54
52
52
58
59
66
56
53
46
48
56
57
56
58
58
54
49
53
58
63
61
59
61
56
55
57
57
55
54
51
52
46
55
65
65
71
72
80
69
31
48
52
44
56
57
66
49
54
53
49
56
60
49
57
52
53
63
63
56
64
63
60
63
58
59
59
57
55
59
52
54
44
52
70
69
80
82
80
75
55
49
51
46
55
54
62
59
65
57
56
50
51
42
51
56
62
60
61
52
59
61
64
60
57
64
61
56
58
56
52
48
42
44
61
72
73
82
75
73
52
49
51
53
58
60
63
62
62
58
57
56
55
53
58
59
59
60
60
61
52
63
63
58
57
59
59
59
53
55
55
50
41
50
48
65
70
65
77
72
48
55
44
43
59
54
64
59
64
56
47
44
55
51
54
56
51
61
62
62
61
61
61
60
54
52
57
58
56
55
57
51
44
66
66
73
67
73
73
70
52
57
56
60
67
59
64
57
62
54
47
42
57
54
51
52
56
56
60
55
60
59
62
62
59
56
57
58
51
58
53
50
43
60
58
71
66
74
78
60
39
54
60
63
63
57
60
56
52
55
50
52
58
54
54
56
56
62
51
57
57
57
60
59
58
58
55
56
56
52
57
50
45
48
52
58
66
61
65
58
50
58
47
46
57
48
44
56
47
55
49
47
56
57
53
51
52
55
44
50
59
50
56
56
58
58
52
45
51
52
55
47
46
71
73
74
69
70
64
66
61
59
54
47
56
62
65
64
52
54
47
46
45
52
50
47
53
53
57
60
57
60
59
67
64
56
56
56
55
52
54
52
48
63
59
64
64
71
58
55
56
58
55
48
55
58
68
63
56
62
52
50
55
51
47
50
56
62
55
53
51
58
66
63
60
56
56
58
59
58
51
49
47
49
63
60
64
70
64
66
56
60
49
48
59
57
62
58
51
54
54
54
57
59
44
47
50
56
53
57
57
56
58
56
55
48
49
58
57
51
54
44
46
52
63
62
67
66
67
66
52
52
52
49
60
58
57
40
43
46
56
62
54
48
38
44
55
56
56
56
56
59
57
51
56
51
54
54
55
49
53
49
46
51
56
63
64
68
62
48
43
43
51
46
54
55
57
49
38
35
53
54
52
49
44
35
55
58
57
53
53
56
55
47
54
47
46
50
57
56
54
51
46
63
65
60
62
57
59
54
49
46
49
53
52
52
54
55
57
41
55
57
57
49
49
51
51
54
61
50
53
58
61
59
53
60
53
54
57
55
54
50
50
62
58
55
68
72
80
73
52
53
51
53
50
56
50
54
46
51
58
59
58
56
57
53
58
57
56
51
59
57
61
59
57
55
46
49
54
51
54
52
46
54
43
57
68
78
81
72
50
48
43
54
61
64
60
53
42
55
53
52
54
51
52
50
53
50
47
52
51
51
55
61
61
61
54
56
58
58
53
53
42
53
55
66
69
68
71
68
46
57
57
53
63
59
50
45
48
44
46
52
51
51
51
52
51
57
48
51
59
52
59
61
62
62
59
54
57
56
51
49
45
60
50
63
78
81
81
61
41
43
45
51
66
59
61
55
59
58
51
59
50
54
55
60
55
51
57
59
59
59
57
64
60
58
61
55
57
53
54
54
50
59
68
67
76
75
73
63
53
62
49
56
58
57
52
57
64
54
49
59
53
53
55
57
58
56
56
60
55
58
61
63
59
61
58
58
57
55
50
48
46
60
64
68
61
50
59
56
50
56
52
53
58
56
52
57
59
54
49
54
53
50
47
56
56
61
59
57
57
58
57
54
51
58
58
54
60
62
50
43
44
55
65
76
72
69
58
61
56
59
59
59
57
58
69
64
53
41
52
54
59
53
57
57
49
53
50
62
57
64
59
53
60
64
56
53
60
60
52
45
43
69
77
83
84
83
79
84
69
50
58
61
63
57
60
62
54
50
59
54
59
53
54
60
59
60
54
62
61
64
62
60
62
65
61
59
64
68
61
50
48
58
82
96
110
103
93
81
68
60
61
59
61
61
60
55
52
61
55
57
53
56
51
58
62
64
58
62
67
70
66
63
62
62
66
65
76
74
62
55
45
104
129
153
165
167
158
141
133
131
113
97
95
84
74
72
66
65
65
62
63
66
70
92
123
128
116
115
120
117
86
89
91
74
62
66
80
84
68
63
49
116
130
166
178
186
187
169
156
147
129
121
118
99
81
89
77
76
70
67
68
72
88
111
145
151
138
135
141
137
108
112
117
98
64
71
89
95
78
65
52
126
139
165
180
184
185
178
176
147
136
132
124
106
103
96
77
77
77
73
77
81
101
123
146
152
148
145
153
146
124
127
135
113
70
81
94
107
88
69
52
126
140
170
184
173
161
183
185
141
139
137
125
112
113
106
89
74
73
74
78
93
114
134
154
163
154
153
158
154
136
139
141
121
74
87
105
117
97
73
50
120
132
171
185
175
163
187
190
145
141
140
117
120
106
114
99
79
75
81
80
105
123
140
157
169
162
161
165
158
144
145
148
127
76
89
120
119
95
74
53
109
127
172
185
175
161
192
196
153
144
138
122
128
112
125
103
98
89
90
100
121
136
148
161
174
167
167
170
157
146
150
153
132
82
85
128
129
112
75
56
110
133
171
183
172
157
199
202
159
155
147
138
144
135
145
125
125
117
115
122
139
148
159
173
185
174
172
173
161
149
152
156
124
90
95
125
138
124
81
59
106
126
168
176
161
165
203
202
156
168
158
152
155
152
156
140
140
138
135
138
147
161
168
184
189
178
181
174
160
149
156
153
125
102
107
124
137
124
88
62
102
112
163
169
157
170
202
196
161
179
164
161
157
163
161
149
144
148
145
148
154
169
179
188
186
185
183
172
162
155
157
151
119
108
107
124
138
126
89
62
106
113
161
164
147
171
197
185
167
188
175
166
157
170
166
157
150
153
151
156
164
176
191
186
180
186
183
174
158
156
160
153
122
133
129
134
140
130
94
75
94
105
162
167
149
171
194
181
169
190
179
178
170
177
171
164
155
159
154
164
175
187
195
182
176
184
181
173
159
155
159
152
123
139
132
132
137
131
100
77
97
107
163
166
146
173
191
175
163
174
173
191
177
182
170
169
162
163
155
170
185
192
195
184
178
182
177
169
160
154
156
147
124
140
130
128
139
129
96
73
105
113
162
162
140
175
187
160
159
166
183
201
184
183
170
174
169
166
159
176
194
195
189
184
181
184
177
166
159
156
152
147
121
135
130
128
136
121
89
71
104
120
164
162
140
178
186
158
155
154
195
207
188
188
180
179
174
168
170
179
199
197
191
186
184
186
180
167
158
154
152
144
116
133
132
130
137
116
82
69
101
131
167
165
144
179
183
139
162
160
197
204
190
192
186
182
174
171
175
184
200
194
187
186
182
185
178
164
157
154
149
142
114
134
133
133
133
111
86
69
108
130
168
165
145
181
185
146
166
164
195
196
192
193
189
183
174
171
177
188
202
192
186
184
176
181
174
162
155
157
148
140
112
133
135
131
134
107
92
73
113
134
170
167
146
181
184
146
160
156
194
193
194
193
191
183
177
172
182
193
202
187
184
182
178
184
175
159
158
153
146
137
109
130
135
129
130
102
94
74
107
136
170
166
148
180
180
142
163
160
194
190
195
192
192
182
176
174
184
195
204
178
183
177
177
183
173
155
154
146
143
134
111
129
133
127
122
100
96
72
102
135
170
166
146
179
181
146
165
162
196
193
193
189
190
179
174
177
184
194
204
178
182
173
169
174
168
149
145
142
142
133
108
123
133
132
122
105
100
72
104
129
169
167
147
179
182
143
161
159
193
190
188
188
185
177
174
173
179
188
197
176
170
159
158
172
164
146
134
134
133
122
98
115
127
129
120
97
96
76
108
124
166
165
145
176
183
151
154
151
186
187
174
179
174
171
164
160
160
168
182
172
163
151
154
158
154
134
132
125
120
110
88
108
118
122
115
110
115
85
105
129
156
162
149
168
175
157
139
139
175
180
159
161
153
154
142
156
153
153
167
160
148
149
153
155
149
128
134
123
110
101
97
97
107
115
113
109
113
87
98
126
152
166
161
147
141
142
134
145
160
151
162
154
147
143
136
150
146
150
159
150
152
151
146
154
148
127
130
118
110
106
129
118
100
115
123
102
106
89
102
117
151
157
152
149
152
133
137
139
161
161
158
155
153
146
130
141
141
151
163
156
157
149
143
151
146
122
122
110
103
110
134
124
97
111
116
101
96
79
84
119
134
130
130
154
158
127
129
140
165
163
141
146
145
138
135
133
141
149
161
152
149
141
139
149
147
125
120
106
109
127
131
123
116
135
138
126
119
87
90
103
127
138
133
153
157
130
123
127
160
159
133
138
143
138
139
136
132
140
153
151
154
138
137
149
151
137
129
122
138
147
158
148
147
153
158
155
152
116
90
103
120
116
124
150
155
129
113
122
155
154
142
135
127
128
129
131
133
137
140
144
145
136
133
148
146
145
134
132
143
149
159
156
156
164
168
168
168
138
89
98
113
116
113
141
144
122
123
119
141
141
137
140
130
131
113
116
125
131
128
143
129
137
133
144
138
139
134
131
139
153
165
161
160
168
179
176
172
151
86
86
113
115
105
135
139
113
121
116
136
141
137
133
137
135
127
121
121
127
132
128
127
140
138
139
135
140
141
132
134
146
158
158
163
170
185
186
184
159
90
103
115
105
116
133
135
122
124
120
142
146
135
138
133
128
127
120
120
127
141
135
140
136
138
137
137
130
132
133
135
144
150
158
165
164
178
183
183
157
89
98
111
113
116
125
134
116
114
114
135
145
131
143
144
133
120
118
127
130
140
135
140
141
137
135
136
133
132
138
130
138
149
150
154
162
169
174
177
157
80
88
98
101
110
122
125
105
104
103
138
145
138
144
144
141
121
126
125
132
137
134
126
132
133
141
143
136
139
135
129
136
140
150
153
163
168
169
168
150
79
77
85
96
97
100
104
104
108
107
132
137
132
133
142
141
127
123
120
125
139
139
134
135
135
148
146
139
135
139
136
139
147
148
150
159
166
165
166
151
81
92
102
95
86
86
95
90
96
110
128
131
126
144
143
128
128
134
127
122
133
141
141
140
143
143
138
137
134
139
137
143
153
148
152
161
172
166
170
154
81
89
102
93
93
99
102
101
85
104
132
134
122
132
135
128
127
137
130
130
137
139
137
135
145
146
141
142
136
129
133
144
151
148
151
164
173
169
171
153
78
95
97
103
96
102
105
101
95
106
139
145
131
130
136
135
132
132
125
131
141
136
139
132
134
141
134
128
133
131
133
146
151
153
153
162
169
170
168
150
87
89
97
103
102
99
110
113
105
113
127
131
130
139
146
132
123
115
118
127
136
135
135
132
127
132
135
136
133
131
137
140
144
150
150
157
169
173
171
158
75
89
92
84
88
94
113
110
100
109
116
133
133
141
137
121
124
122
112
116
126
142
138
129
133
142
139
137
122
134
130
142
146
147
147
160
171
170
167
152
77
98
103
87
91
99
100
98
106
107
115
124
133
146
151
137
127
127
115
127
130
140
138
135
139
134
132
131
125
134
137
146
149
153
149
163
174
174
174
153
85
101
106
97
100
104
99
101
107
105
125
131
124
140
144
141
132
124
116
125
130
142
140
134
141
137
131
134
137
134
136
148
149
153
155
169
177
177
176
155
70
80
89
89
103
108
102
110
115
105
126
136
130
145
145
139
130
117
109
126
125
144
137
135
143
145
134
133
143
142
141
150
157
160
160
172
181
180
178
164
71
76
95
94
94
90
98
100
113
106
126
126
122
121
130
124
112
106
109
120
130
138
135
140
139
148
142
135
135
142
136
150
163
163
169
186
188
183
186
169
81
75
93
99
105
101
97
100
93
95
116
119
123
123
135
129
124
106
110
113
127
139
142
141
136
136
145
149
142
144
137
154
162
159
170
186
189
183
186
170
79
94
106
102
93
91
96
97
86
100
106
103
119
127
131
122
117
112
109
112
129
141
140
138
136
138
144
147
139
143
137
145
161
158
165
180
180
172
170
151
89
102
103
99
110
106
110
108
106
106
109
111
113
113
121
125
113
109
115
134
147
151
140
139
144
145
146
148
140
124
128
145
162
163
162
175
169
166
164
144
84
96
93
99
105
109
117
109
111
102
106
118
127
138
141
137
130
125
127
142
160
160
149
147
140
157
156
150
140
123
127
142
163
158
157
172
166
163
159
135
76
94
94
97
106
110
115
107
115
109
118
124
127
147
152
144
132
129
131
138
155
160
153
151
138
147
146
137
127
120
137
153
155
146
157
169
161
152
144
131
91
105
109
109
107
104
109
112
109
112
127
128
129
136
144
141
123
122
129
136
148
147
136
141
139
129
136
131
126
125
133
149
153
143
156
159
155
147
137
127
101
116
118
100
107
107
103
102
105
107
113
105
106
124
126
122
109
104
107
115
126
133
130
121
118
120
122
121
119
112
119
145
140
129
142
149
142
135
134
116
86
104
110
98
107
103
99
90
88
92
99
98
95
120
115
113
97
98
103
105
123
126
125
119
116
113
114
117
108
101
111
121
124
122
127
141
136
124
123
110
77
91
99
99
108
107
93
95
83
88
94
83
98
104
104
109
92
91
98
104
115
114
121
119
107
111
107
107
93
90
107
118
121
118
123
135
132
122
119
109
85
87
90
103
107
96
89
80
71
74
79
85
89
93
102
102
94
89
88
99
110
115
112
112
101
98
93
96
89
87
88
111
118
110
119
129
129
118
119
100
81
99
102
88
96
100
106
89
75
76
76
83
76
94
91
87
80
74
81
100
103
113
105
101
96
92
90
95
86
88
85
100
109
101
112
119
114
106
109
85
82
98
99
96
96
100
106
89
76
76
78
84
79
83
81
84
77
78
81
85
99
105
88
86
88
86
83
88
89
81
83
89
97
92
106
114
99
93
96
77
81
84
97
90
89
87
86
78
77
75
71
80
78
83
86
82
79
84
86
84
87
99
87
81
82
89
79
76
80
81
79
79
92
87
95
110
96
83
89
71
77
92
98
82
77
87
96
79
64
60
58
76
70
86
81
83
81
75
69
74
83
91
82
82
85
80
80
77
81
83
82
77
86
82
86
94
89
87
82
66
78
91
88
75
80
87
89
73
71
80
77
76
61
72
69
74
71
73
73
76
81
84
73
75
81
73
81
75
77
76
77
79
77
73
83
88
82
83
78
64
75
82
86
86
89
90
72
74
66
74
71
69
79
71
68
70
79
73
81
83
75
83
73
78
81
76
80
77
76
77
78
80
81
79
84
88
81
77
74
61
77
85
86
84
67
86
92
75
61
61
63
67
77
76
72
74
81
74
69
63
74
79
76
74
72
76
78
77
74
74
74
77
80
74
81
84
78
74
73
61
65
85
84
84
82
90
97
81
58
64
59
77
75
77
69
71
68
65
66
62
72
72
72
76
77
79
72
83
82
78
79
74
76
72
78
83
76
67
66
54
72
85
84
74
74
90
86
74
68
61
61
67
66
75
67
68
67
72
74
67
69
72
73
75
75
76
74
78
78
77
77
72
74
74
72
75
72
70
64
48
79
92
89
75
74
94
98
71
65
59
70
74
75
75
78
72
69
78
79
72
71
68
68
76
76
74
77
79
83
79
76
80
75
75
76
77
73
65
62
51
108
119
117
102
86
97
102
83
81
78
75
78
89
83
85
89
88
91
92
81
81
80
77
88
85
83
78
73
81
79
80
81
78
82
83
82
73
66
61
51
118
124
119
100
94
87
88
87
83
79
72
85
86
83
77
76
78
79
80
73
76
76
76
80
75
81
84
72
83
76
78
71
79
77
76
77
74
66
60
50
105
104
94
84
78
77
82
61
66
73
72
77
81
78
74
76
75
75
65
58
64
67
70
69
81
78
81
76
76
67
67
72
77
78
80
74
70
68
59
52
74
93
95
84
78
87
92
71
68
66
70
81
79
76
80
67
71
69
67
60
63
70
64
72
77
76
79
73
73
76
65
71
70
75
74
73
70
64
62
47
71
75
92
87
86
82
87
68
63
68
66
66
75
73
72
68
71
73
74
70
61
70
63
79
73
72
76
76
71
81
68
71
63
65
69
69
63
67
63
46
72
88
94
99
104
111
116
120
121
119
114
107
107
118
126
130
129
121
111
126
133
135
136
138
143
144
142
143
143
137
140
139
128
130
140
135
125
129
121
95
94
113
124
128
137
142
145
157
161
158
150
141
142
151
163
164
165
160
153
159
164
165
165
165
171
174
167
171
174
164
169
169
163
160
171
164
152
157
149
122
110
124
121
116
133
141
131
155
158
154
144
140
137
142
159
156
158
156
151
151
154
154
153
152
161
164
153
160
165
155
162
162
160
153
161
154
144
146
138
111
