1
1
1
1
0
0
0
0
0
0
0
0
0
0
0
0
0
0
0
0
0
0
0
0
0
0
0
0
0
0
2
1
1
1
0
0
0
0
0
0
0
0
0
0
0
0
0
0
0
0
0
0
0
1
0
0
0
0
0
0
4
2
1
1
1
0
0
0
0
1
1
0
0
0
0
0
0
0
0
0
1
2
3
3
2
1
0
0
0
0
7
3
2
2
1
0
0
0
0
1
1
0
0
0
0
0
0
0
0
1
2
7
11
9
8
4
1
0
0
0
10
5
3
4
2
1
0
0
0
1
1
0
0
0
0
0
0
0
0
2
6
13
18
12
8
6
2
0
0
0
11
5
4
5
2
1
0
0
1
1
1
0
0
0
0
0
0
0
1
3
8
15
21
12
6
4
1
0
0
0
10
3
4
8
4
1
1
1
1
2
2
1
1
0
0
0
0
1
1
3
7
12
16
8
4
3
1
0
0
0
7
3
3
6
5
1
1
1
1
5
4
2
1
0
0
0
1
2
4
7
11
13
18
8
3
2
0
0
0
0
8
2
3
4
3
1
1
1
2
7
8
4
2
1
0
1
2
6
11
20
33
47
60
23
4
1
0
0
0
0
10
4
3
2
1
0
0
1
3
10
13
6
2
1
1
2
6
15
30
60
94
126
129
54
7
1
0
0
0
0
8
4
3
4
2
1
0
1
4
12
19
7
3
1
1
3
11
30
72
119
155
179
174
86
11
1
0
0
0
0
6
4
5
4
3
1
1
1
4
8
11
5
2
1
1
3
14
49
115
141
149
178
172
85
13
1
0
0
0
0
7
5
6
6
4
2
1
3
6
11
14
6
3
1
1
3
20
69
123
128
131
146
138
73
15
3
1
0
0
0
7
6
7
9
6
2
3
5
10
15
15
7
3
1
1
5
29
82
113
112
101
116
96
47
15
4
1
0
0
0
6
5
8
10
5
2
3
9
16
23
24
10
4
1
2
8
39
79
90
86
74
78
76
43
16
6
2
1
0
0
3
3
6
10
5
2
2
10
20
24
33
16
6
1
2
9
33
51
58
54
53
68
75
56
29
11
3
1
0
0
2
2
3
8
3
1
2
8
17
19
28
15
6
1
2
8
22
37
39
35
41
68
107
97
54
21
6
1
0
0
1
1
2
4
2
1
1
5
12
15
28
15
6
1
1
5
14
24
27
24
33
64
108
102
52
20
9
2
1
0
1
1
2
3
1
0
1
3
6
8
19
11
5
1
1
3
9
20
23
23
27
47
70
57
31
15
11
4
1
0
0
1
2
2
0
0
0
2
5
7
17
8
3
1
1
2
9
24
32
26
21
23
24
20
15
9
6
4
2
1
0
1
2
1
0
0
0
2
6
10
20
9
4
1
1
2
10
28
31
14
6
7
9
9
9
7
4
3
2
1
0
1
1
1
0
0
0
3
8
13
25
14
6
1
1
2
7
22
14
3
1
2
6
5
6
5
3
3
3
2
1
1
1
1
0
0
0
5
15
20
27
17
6
1
1
1
5
8
4
1
0
1
3
4
5
4
3
2
3
2
1
2
2
1
0
0
1
5
15
12
10
7
5
2
1
1
3
3
1
0
0
1
3
4
4
3
2
2
3
3
4
4
2
1
0
0
1
5
9
5
3
3
2
1
1
1
1
1
1
0
0
0
4
4
3
1
1
1
2
3
22
9
4
3
0
0
0
3
5
2
1
1
1
1
0
0
1
1
0
0
0
1
6
5
1
0
0
0
1
4
21
26
24
35
29
9
1
1
1
1
1
0
0
0
0
0
0
1
1
0
0
1
2
8
12
6
4
1
0
0
17
18
15
39
54
18
4
2
2
2
1
1
0
0
0
0
0
0
0
1
1
1
3
13
25
11
4
1
1
0
12
16
8
28
76
35
7
5
3
3
2
1
0
0
0
0
0
1
1
1
3
3
4
17
30
15
5
2
1
0
9
11
6
23
89
48
12
7
4
5
4
2
1
0
0
0
1
1
1
3
8
8
8
21
38
19
7
4
1
0
5
6
3
18
73
39
13
9
5
6
6
3
1
0
0
0
1
2
3
9
18
15
8
14
24
12
5
5
2
0
5
3
2
11
60
26
11
11
7
7
8
5
2
1
0
1
1
3
6
20
32
21
9
11
15
6
2
3
2
0
4
2
1
6
39
18
9
8
7
9
10
6
3
1
1
1
2
4
10
28
39
24
10
8
9
4
1
3
2
0
3
1
0
3
22
10
6
7
7
9
11
10
8
3
1
2
2
5
17
38
41
24
10
8
6
2
1
2
3
0
2
1
0
2
11
4
3
4
6
11
13
16
17
6
2
2
4
13
32
56
50
31
16
7
4
1
0
1
2
1
2
1
0
1
4
1
1
2
4
10
15
25
34
12
3
2
6
21
43
59
49
27
16
9
3
1
0
1
2
0
3
1
0
2
3
0
0
1
2
7
16
30
40
10
3
3
8
25
45
53
35
19
15
10
3
0
0
1
3
0
2
1
0
2
2
0
0
0
1
3
9
25
37
6
2
2
8
24
40
42
21
13
14
10
2
0
0
1
2
0
2
1
0
2
2
0
0
0
0
1
4
14
25
4
1
2
7
19
34
25
11
7
10
9
2
0
0
1
3
0
1
0
0
1
1
0
0
0
0
1
2
5
14
3
1
1
6
15
22
16
7
7
15
10
2
0
0
1
4
1
1
0
0
1
1
0
0
0
0
0
1
3
8
1
1
1
5
11
18
15
8
10
21
12
3
1
0
2
6
1
0
0
0
0
0
0
0
0
0
0
1
2
5
1
1
1
7
15
27
23
11
13
23
13
4
1
1
4
12
1
0
0
0
0
0
0
0
0
0
0
0
1
4
1
0
2
10
25
42
33
12
14
24
18
8
3
2
7
19
4
0
0
0
0
0
0
0
0
0
0
0
1
4
1
1
3
18
42
61
35
8
7
14
14
10
3
2
11
34
8
0
0
0
0
0
0
0
0
0
0
0
1
5
2
1
6
29
48
51
21
3
2
5
6
6
3
3
12
40
15
0
0
0
0
0
0
0
0
0
0
0
1
5
2
3
8
30
39
31
10
1
1
1
2
2
2
2
7
30
21
0
0
0
0
0
0
0
0
0
0
0
1
6
4
4
10
23
27
23
5
1
0
0
1
1
1
1
3
14
19
0
0
0
0
0
0
0
0
0
0
1
1
7
7
7
11
16
25
17
3
0
0
0
0
0
0
0
1
5
13
0
0
0
0
0
0
0
0
0
0
1
2
11
13
12
9
9
14
11
2
0
0
0
0
0
0
0
0
2
7
0
0
0
0
0
0
0
0
0
0
1
4
18
20
13
5
4
6
5
1
0
0
0
0
0
0
0
0
1
2
0
0
0
0
0
0
0
0
0
0
2
8
29
29
12
3
2
3
3
1
0
0
0
0
0
0
0
0
0
1
0
0
0
0
0
0
0
0
0
0
2
8
28
27
8
2
1
2
3
1
0
0
0
0
0
0
0
0
0
0
120
61
39
18
17
42
128
126
103
55
23
18
30
65
136
211
212
130
74
94
151
141
104
114
69
9
1
0
0
0
111
52
45
22
17
44
138
123
86
39
18
16
34
71
152
216
203
118
75
112
173
165
123
146
76
9
1
0
0
0
104
48
47
24
18
41
142
121
89
41
16
16
37
79
165
212
195
103
80
131
188
166
114
134
67
9
1
0
0
0
94
46
50
26
17
31
107
105
87
47
17
16
34
74
152
193
163
93
96
141
178
137
80
97
43
9
1
0
0
0
83
53
59
26
13
21
81
73
71
48
16
16
34
76
133
166
144
101
102
135
158
116
60
71
29
7
2
0
0
0
73
58
85
29
10
14
50
55
53
47
17
15
30
78
131
161
138
115
114
134
157
113
47
55
20
8
4
1
0
0
60
57
110
39
9
13
38
38
47
57
22
16
33
92
139
165
156
133
116
147
149
93
37
38
19
11
7
1
0
1
54
67
120
43
11
13
37
35
40
57
28
20
36
108
159
179
171
142
130
148
148
78
37
30
18
13
12
2
1
1
52
71
127
34
11
18
49
53
55
60
33
22
41
120
171
193
179
144
152
179
160
92
50
35
19
13
14
3
1
2
50
72
106
27
10
24
63
78
73
67
31
20
38
124
184
199
183
158
182
196
175
117
73
50
23
15
12
4
1
3
36
59
81
19
8
25
77
108
109
86
33
19
35
134
195
209
195
187
211
219
202
159
116
78
35
17
11
4
2
6
38
47
56
13
7
27
86
119
125
101
32
16
26
129
205
221
214
217
230
231
212
177
140
107
64
25
14
4
2
14
37
45
32
10
8
36
99
134
131
99
28
12
20
122
212
237
232
234
233
224
207
181
156
133
86
49
24
6
3
28
34
35
25
7
8
44
131
136
127
91
25
11
16
120
220
244
241
236
227
218
203
178
163
146
90
52
28
8
5
46
32
33
19
6
8
47
139
125
100
76
23
9
14
132
235
248
241
231
223
215
194
182
180
161
98
47
23
8
6
55
30
30
17
6
8
43
127
119
94
61
20
8
14
142
242
249
240
230
225
216
203
191
194
175
113
40
16
6
9
70
35
27
14
6
10
33
98
95
86
73
27
10
16
154
246
250
239
232
228
221
212
198
198
176
106
30
9
4
12
80
41
23
13
8
11
35
86
86
93
78
26
9
16
162
248
250
240
230
221
222
216
196
180
156
81
20
5
4
14
80
46
18
11
7
13
42
86
88
102
98
30
9
15
168
248
250
241
231
221
219
213
187
152
118
59
12
3
4
15
72
62
19
9
4
9
41
89
87
107
104
34
10
20
181
247
251
245
233
215
214
204
176
123
90
40
8
2
3
16
80
54
18
7
2
5
35
97
89
99
103
37
13
27
186
248
252
249
236
214
210
199
152
90
55
22
6
2
3
21
91
24
11
5
1
3
27
96
92
88
80
38
18
36
196
249
253
251
238
210
207
198
136
55
19
6
2
1
4
34
116
8
5
3
1
3
27
101
77
58
49
27
15
36
199
251
254
252
236
201
204
185
113
32
6
2
1
1
4
45
131
2
4
2
1
4
39
114
69
35
28
18
14
40
211
253
254
253
238
186
182
164
95
19
3
1
1
1
8
69
152
0
2
1
1
4
63
139
71
26
17
16
15
56
217
253
254
253
230
165
162
134
49
7
1
0
0
1
14
91
182
0
1
1
1
3
64
173
67
15
13
18
20
53
207
252
254
251
208
135
120
64
16
1
0
0
0
2
26
125
201
236
173
63
22
8
8
9
5
5
3
3
1
1
1
1
2
4
4
2
3
6
22
40
65
132
137
77
22
8
14
246
229
175
76
23
15
11
5
4
3
3
1
1
1
1
2
3
2
2
4
10
42
67
102
154
137
74
24
6
6
248
245
234
176
65
38
21
8
5
4
5
2
1
1
1
2
2
3
3
5
14
54
97
151
190
158
72
16
3
2
243
248
247
224
143
88
42
13
7
6
6
2
1
2
2
2
3
3
4
7
18
71
137
183
205
172
80
21
3
2
235
244
248
239
188
160
80
25
12
8
7
2
2
2
4
5
7
8
9
12
21
78
156
195
205
146
74
33
7
2
212
231
244
240
208
207
157
66
28
15
9
3
2
3
7
14
17
18
15
12
23
74
142
172
177
125
86
57
16
6
170
199
231
229
201
222
207
146
75
33
20
6
3
6
15
30
33
25
13
11
15
42
67
104
105
77
65
72
41
18
126
156
207
209
183
223
222
197
151
78
45
12
5
9
26
46
45
24
10
7
7
11
18
35
38
35
41
74
68
34
96
116
192
184
163
210
204
190
170
109
77
28
8
11
30
55
40
15
7
4
3
5
7
12
13
14
21
61
83
62
65
94
173
164
132
175
138
131
112
78
53
24
8
10
19
23
11
3
1
1
1
3
4
6
7
8
14
39
63
72
29
35
90
125
143
151
88
69
60
44
30
12
4
5
8
8
2
1
0
0
0
1
1
2
2
4
8
26
46
50
6
9
30
55
103
147
88
38
27
21
13
5
2
3
4
2
0
0
0
0
0
0
1
1
1
2
6
18
37
37
2
3
11
23
60
121
97
34
19
15
10
4
1
2
2
1
0
0
0
0
0
1
1
1
1
1
3
10
35
50
1
1
6
10
28
92
88
33
13
13
11
5
2
2
2
0
0
0
0
0
0
1
1
1
1
1
4
7
26
53
0
0
2
4
18
59
58
22
12
13
13
7
2
2
1
0
0
0
0
0
0
1
2
2
1
3
7
9
21
46
0
0
0
1
8
35
30
11
8
13
19
12
3
2
1
0
0
0
0
0
1
1
2
2
2
4
12
11
18
33
0
0
0
0
2
14
11
3
3
5
10
5
1
1
1
0
0
0
0
0
1
1
1
1
2
5
13
11
18
35
0
0
0
0
0
1
1
0
1
2
6
4
1
1
0
0
0
0
0
0
1
1
1
1
2
5
13
11
23
43
0
0
0
0
0
0
0
0
0
1
4
3
1
1
0
0
0
0
0
0
0
0
0
0
1
4
11
14
33
52
0
0
0
0
0
0
0
0
0
1
3
3
1
1
0
0
0
0
0
0
0
0
0
0
1
4
11
16
38
58
0
0
0
0
0
0
0
0
0
0
2
2
1
0
0
0
0
0
0
0
0
0
0
0
1
6
13
19
48
69
0
0
0
0
0
0
0
0
0
0
1
1
1
0
0
0
0
0
0
0
0
0
0
0
0
7
16
26
54
75
0
0
0
0
0
0
0
0
0
0
1
1
0
0
0
0
0
0
0
0
0
0
0
0
0
4
12
23
47
73
0
0
0
0
0
0
0
0
0
0
0
0
0
0
0
0
0
0
0
0
0
0
0
0
0
2
7
15
26
60
0
0
0
0
0
0
0
0
0
0
0
0
0
0
0
0
0
0
0
0
0
0
0
0
0
1
5
11
25
72
0
0
0
0
0
0
0
0
0
0
0
0
0
0
0
0
0
0
0
0
0
0
0
0
0
0
2
9
29
95
7
5
4
3
3
6
8
9
9
8
8
5
4
5
7
19
36
38
42
52
56
71
81
91
113
142
130
107
129
203
14
6
5
4
4
5
8
8
7
5
5
4
4
5
9
22
35
30
30
40
46
58
65
75
107
127
93
74
90
188
26
9
6
5
5
5
7
8
9
5
6
5
5
6
10
24
39
29
31
47
47
58
60
62
73
78
46
36
54
166
33
15
10
8
6
5
6
8
8
8
8
7
7
8
12
24
37
30
30
44
45
64
65
64
61
53
24
16
29
137
39
19
14
13
9
6
6
7
9
11
11
9
10
11
12
22
33
28
30
45
53
81
84
88
76
51
19
11
22
96
44
21
18
23
15
8
7
10
11
13
13
11
12
14
14
27
40
39
46
65
71
97
110
116
89
49
17
11
24
82
59
24
22
31
25
15
11
12
14
17
14
12
12
13
17
35
51
55
70
90
102
142
155
148
104
41
16
15
31
76
73
35
33
49
36
22
23
21
22
23
18
13
11
14
22
47
59
73
90
116
147
186
195
171
101
41
20
19
28
56
98
49
54
69
50
30
37
38
36
33
24
13
8
13
29
65
84
99
124
155
185
213
208
183
107
39
19
18
21
41
111
59
73
93
67
45
58
69
67
57
44
20
11
17
44
80
112
141
163
194
217
228
214
176
113
41
17
15
15
22
115
55
78
96
73
53
66
94
106
105
82
38
16
23
63
113
152
170
195
216
226
232
217
184
124
55
25
16
11
13
112
52
71
88
69
55
59
95
120
139
120
60
17
22
68
138
169
192
205
211
221
227
201
167
118
73
42
25
13
10
109
49
62
72
51
48
56
87
116
136
116
63
16
17
62
160
186
191
189
194
195
191
157
124
102
84
67
43
19
9
103
40
57
57
43
39
59
91
117
124
91
54
14
16
56
147
169
173
170
155
160
153
116
90
81
69
66
50
23
11
97
36
50
54
41
34
61
100
123
121
90
50
14
15
48
128
136
143
127
122
133
122
89
72
78
74
64
43
17
7
90
32
46
55
32
24
45
85
118
124
109
61
16
14
34
97
100
95
90
107
122
110
79
66
66
66
56
34
14
5
81
33
46
48
27
17
31
72
118
128
127
76
17
12
21
69
75
69
72
88
117
104
66
49
48
44
42
25
11
3
79
40
44
38
21
15
27
62
110
120
123
77
19
10
15
45
56
65
68
76
103
88
53
36
31
31
30
16
6
3
72
50
40
23
15
11
23
49
84
96
100
61
16
8
10
34
55
71
63
57
75
66
35
20
19
25
29
11
4
2
58
45
39
16
9
8
17
43
63
69
71
38
12
6
8
25
52
61
43
37
49
38
22
10
11
17
26
11
4
2
57
40
28
11
6
5
13
33
49
38
41
24
8
4
6
20
37
45
26
22
34
26
16
7
8
11
21
11
4
3
62
37
31
9
4
4
12
24
31
25
22
16
6
3
5
15
24
28
19
16
22
23
17
7
8
9
16
10
5
3
96
55
46
13
4
4
11
20
21
15
16
11
5
3
4
12
19
22
18
14
20
26
17
7
8
9
12
9
6
4
140
82
70
24
5
4
10
17
20
15
12
8
4
3
4
9
15
20
20
15
24
30
23
8
8
9
10
8
8
7
158
113
119
41
8
5
11
22
20
15
13
7
4
2
3
6
12
27
22
16
29
50
39
11
10
9
7
7
11
14
151
129
147
67
14
8
16
25
27
16
15
8
4
3
4
6
15
34
28
14
25
58
58
15
9
7
5
7
14
23
5
8
17
47
91
111
107
74
29
21
31
60
45
11
2
1
1
1
1
1
0
1
3
18
71
198
251
249
198
19
4
7
10
28
81
106
82
45
17
16
28
49
36
7
1
1
0
1
0
0
0
1
3
16
75
199
251
250
206
18
4
9
11
22
74
110
68
28
10
10
24
42
27
6
1
1
0
0
0
0
0
1
3
13
54
167
247
248
205
18
5
12
16
27
81
92
47
13
5
6
17
26
16
4
1
0
0
0
0
0
0
1
3
10
42
124
239
246
207
22
10
18
16
34
91
78
27
7
3
4
13
16
11
3
1
0
0
0
0
0
0
1
3
8
31
89
215
237
204
28
20
29
17
26
90
78
25
7
3
3
9
10
7
2
1
0
0
0
0
0
1
2
3
9
27
67
183
228
204
41
39
51
22
31
83
72
23
6
3
3
10
9
6
2
1
1
0
0
0
1
1
2
5
10
25
59
153
219
215
69
57
78
29
39
97
71
24
6
2
3
9
10
7
3
1
1
1
1
1
1
2
4
7
14
35
76
153
214
227
114
55
105
45
65
116
73
23
8
3
4
10
11
11
5
2
1
1
1
1
1
2
5
11
29
62
120
168
219
235
165
38
92
67
105
142
80
23
7
3
4
12
19
20
7
2
1
1
1
1
1
3
8
19
57
119
162
188
225
244
208
27
58
54
120
168
94
25
7
3
5
14
24
28
7
2
1
0
1
1
1
4
11
27
71
147
181
196
233
249
228
16
32
46
100
167
113
35
8
4
6
15
24
29
6
1
0
0
1
1
3
7
17
48
96
147
175
203
242
252
243
18
27
50
101
151
125
52
15
6
7
14
23
29
5
2
0
1
1
3
8
11
23
60
103
146
173
203
248
254
252
30
43
69
112
136
118
63
30
11
12
22
33
40
7
2
1
1
2
7
12
17
37
72
106
149
186
215
250
255
254
52
78
130
143
144
112
62
46
28
28
41
57
63
9
1
1
2
4
8
16
27
52
83
120
157
204
236
251
255
253
81
125
183
192
173
130
74
63
46
49
61
85
83
15
2
1
2
4
9
16
30
63
89
121
163
218
244
252
254
250
76
151
211
219
204
157
114
117
82
60
60
94
107
21
2
1
2
6
10
19
31
61
90
123
180
230
249
253
252
239
65
135
204
215
206
167
125
137
93
67
68
114
126
28
3
2
3
6
11
18
27
55
99
143
191
230
251
252
248
207
41
109
188
205
195
179
148
153
96
60
70
130
138
30
3
1
2
4
9
15
26
66
114
164
199
235
252
252
242
167
17
70
151
187
185
181
165
179
118
70
87
139
127
24
3
1
1
3
7
14
24
56
115
163
202
238
253
253
238
135
4
35
111
169
162
170
155
189
140
89
111
148
120
21
2
1
1
2
6
9
13
39
108
181
207
240
252
252
238
130
1
10
63
126
106
124
120
179
160
129
138
169
112
20
2
0
0
1
3
4
6
21
105
196
217
238
251
250
238
142
0
3
18
59
39
41
45
144
165
160
164
176
118
16
1
0
0
1
3
4
5
13
71
183
220
236
246
245
221
112
0
0
2
9
7
6
11
68
151
172
166
139
75
8
0
0
0
1
3
3
3
6
41
174
237
244
243
219
181
67
0
0
0
1
1
1
2
18
83
128
116
82
31
4
0
0
0
1
1
1
1
1
13
149
243
248
237
164
133
53
0
0
0
0
0
0
0
3
20
51
51
29
10
2
0
0
0
0
0
0
0
0
6
127
244
247
219
100
89
44
217
226
230
228
199
198
221
224
171
60
36
40
36
18
14
11
9
3
2
2
3
9
12
12
21
33
5
0
0
0
203
224
233
235
219
204
220
224
183
92
59
49
43
20
13
15
14
5
2
2
3
9
15
15
31
65
28
1
0
0
168
195
230
241
231
217
220
220
171
91
63
46
37
19
13
14
10
4
2
2
2
10
19
20
36
64
58
5
0
0
129
151
215
241
237
223
224
212
156
81
54
39
26
14
8
8
6
2
1
2
2
10
31
31
40
63
105
27
1
0
101
112
182
234
239
230
222
208
142
64
46
35
21
13
6
5
4
2
2
1
2
9
25
24
36
63
133
68
4
0
85
93
149
217
232
230
228
212
148
55
39
31
20
11
4
3
2
2
1
1
2
8
20
21
34
58
145
107
13
0
88
78
134
199
216
216
212
210
151
63
47
40
26
11
4
3
2
1
2
2
2
8
21
28
41
48
131
128
36
1
102
75
124
181
183
185
184
184
132
51
41
33
19
8
4
3
2
2
2
2
3
9
25
40
46
47
113
129
56
2
128
86
124
169
143
134
132
155
106
36
32
29
16
8
5
4
3
2
3
2
5
15
38
46
40
40
98
109
70
7
137
105
133
153
104
94
88
108
79
25
23
25
15
8
6
4
3
3
3
4
9
23
49
61
46
43
96
110
73
12
125
104
128
129
93
81
65
74
51
18
18
16
9
6
5
4
4
3
4
5
12
30
54
58
44
48
95
120
74
15
100
98
120
108
69
74
76
56
31
12
13
12
5
4
4
4
3
4
6
8
19
38
68
64
42
42
88
136
78
23
104
94
118
103
57
57
78
56
25
11
12
9
3
3
4
4
4
6
11
15
26
43
69
62
44
46
82
164
146
56
136
104
128
108
50
46
71
67
36
14
15
9
2
2
4
5
6
14
21
22
33
47
60
54
39
54
119
177
188
135
166
121
150
118
52
48
89
89
55
21
21
9
2
2
5
8
12
22
24
28
41
53
59
52
43
68
142
187
210
203
209
156
164
134
59
51
100
110
73
32
31
12
3
2
6
13
17
22
25
35
48
54
47
48
49
82
171
182
216
220
230
216
201
167
70
57
115
139
94
37
37
15
3
2
6
15
18
24
27
29
37
54
59
54
50
91
188
196
212
215
237
237
232
190
86
63
111
133
86
38
34
15
3
2
7
16
17
24
21
18
23
53
66
48
50
90
199
209
203
187
239
244
245
217
119
67
118
139
81
36
28
14
3
2
6
11
15
16
11
8
10
30
50
34
31
71
202
217
198
163
221
239
246
227
164
122
167
169
98
43
33
18
3
2
4
11
15
13
7
4
5
16
33
22
20
46
184
214
192
144
218
225
245
230
175
193
223
202
129
59
38
25
5
2
4
9
10
8
4
2
3
17
43
29
24
40
158
198
194
149
235
233
248
237
178
219
242
239
175
77
46
38
11
3
3
6
6
3
1
1
2
14
65
48
31
37
128
190
200
168
242
243
252
245
193
225
248
250
224
126
54
59
28
6
3
3
3
2
1
1
1
12
88
73
40
38
106
174
198
184
246
249
253
250
223
232
249
251
240
158
75
76
38
9
3
2
1
1
0
0
0
10
110
107
57
49
98
151
180
181
244
251
254
252
229
230
248
252
244
168
82
87
42
9
3
2
1
0
0
0
0
6
122
153
94
71
95
126
175
191
232
248
254
254
239
219
242
250
239
148
76
89
48
12
4
1
1
0
0
0
0
5
118
186
127
77
72
98
170
202
0
0
0
0
0
0
0
0
0
0
0
0
0
0
0
0
0
0
0
0
0
1
12
18
10
17
20
21
12
6
0
0
0
0
0
0
0
0
0
0
0
0
0
0
0
0
0
0
0
0
0
1
9
15
10
12
10
8
4
2
0
0
0
0
0
0
0
0
0
0
0
0
0
0
0
0
0
0
0
0
0
1
10
14
4
2
2
2
1
1
0
0
0
0
0
0
0
0
0
0
0
0
0
0
0
0
0
0
0
0
0
2
18
14
2
1
0
1
1
1
0
0
0
0
0
0
0
0
0
0
0
0
0
0
0
0
0
0
0
0
0
3
14
7
0
0
0
1
1
1
0
0
0
0
0
0
0
0
0
0
0
0
0
0
0
0
0
0
0
0
1
4
10
4
0
0
0
0
1
1
0
0
0
0
0
0
0
0
0
0
0
0
0
0
0
0
0
0
0
0
1
3
8
2
0
0
0
0
2
2
0
0
0
0
0
0
0
0
0
0
0
0
0
0
0
0
0
0
0
0
0
2
6
1
0
0
0
0
3
2
0
0
0
0
0
0
0
0
0
0
0
0
0
0
0
0
0
0
0
0
0
1
4
0
0
0
0
0
2
2
0
0
0
0
0
0
0
0
0
0
0
0
0
0
0
0
0
0
0
0
0
2
2
0
0
0
0
0
1
1
0
0
0
0
0
0
0
0
0
0
0
0
0
0
0
0
0
0
0
0
1
2
2
0
0
0
0
0
0
0
0
0
0
0
0
0
0
0
0
0
0
0
0
0
0
0
0
0
0
0
1
1
1
0
0
0
0
0
0
0
0
0
0
0
0
0
0
0
0
0
0
0
0
0
0
0
0
0
0
0
0
0
0
0
0
0
0
0
0
0
0
0
0
0
0
0
0
0
0
0
0
0
0
0
0
0
0
0
0
0
0
0
0
0
0
0
0
0
0
1
0
0
0
0
0
0
0
0
0
0
0
0
0
0
0
0
0
0
0
0
0
0
0
0
0
0
0
0
0
0
0
0
0
0
0
0
0
0
0
0
0
0
0
0
0
0
0
0
0
0
0
0
0
0
0
0
0
0
0
0
0
0
0
0
0
0
0
0
0
0
0
0
0
0
0
0
0
0
0
0
0
0
0
0
0
0
0
0
0
0
0
0
0
0
0
0
0
0
0
0
0
0
0
0
0
0
0
0
0
0
0
0
0
0
0
0
0
0
0
0
0
0
0
0
0
0
0
0
0
0
0
0
0
0
0
0
0
0
0
0
0
0
0
0
0
0
0
0
0
0
0
0
0
0
0
0
0
0
0
0
0
0
0
0
0
0
0
0
0
0
0
0
0
0
0
0
0
0
0
0
0
0
0
0
0
0
0
0
0
0
0
0
0
0
0
0
0
0
0
0
0
0
0
0
0
0
0
0
0
0
0
0
0
0
0
0
0
0
0
0
0
0
0
0
0
0
0
0
0
0
0
0
0
0
0
0
0
0
0
0
0
0
0
0
0
0
0
0
0
0
0
0
0
0
0
0
0
0
0
0
0
0
0
0
0
0
0
0
0
0
0
0
0
0
0
0
0
0
0
0
0
0
0
0
0
0
0
0
0
0
0
0
0
0
0
0
0
0
0
0
0
0
0
0
0
0
0
0
0
0
0
0
0
0
0
0
0
0
0
0
0
0
0
0
0
0
0
0
0
0
0
0
0
0
0
0
0
0
0
0
0
0
0
0
0
0
0
0
0
0
0
0
0
0
0
0
0
0
0
0
1
1
2
5
2
1
1
1
1
9
12
13
7
1
1
0
1
2
1
0
0
0
0
0
0
1
1
0
0
0
1
1
1
2
1
0
0
1
1
6
10
10
3
0
0
0
0
1
0
0
0
0
0
0
0
1
0
0
0
0
1
0
1
1
0
0
0
0
1
3
4
4
1
0
0
0
0
0
0
0
0
0
0
0
1
0
0
0
0
0
1
0
0
1
0
0
0
0
1
2
3
3
1
0
0
0
0
1
1
1
2
1
1
1
1
0
0
0
0
0
0
0
0
0
0
0
0
0
1
2
4
3
1
0
0
0
0
2
5
7
9
2
1
1
2
0
0
0
0
0
0
0
0
0
0
0
0
0
1
2
5
5
1
0
0
0
1
9
26
31
18
3
1
1
1
0
0
0
0
0
0
0
0
0
0
0
0
1
2
5
16
14
3
0
0
1
6
27
49
35
14
3
1
1
1
0
0
0
0
0
0
0
0
0
0
0
1
1
3
9
27
35
12
1
1
3
19
49
42
18
6
2
1
1
1
0
0
0
0
0
0
0
0
0
0
0
1
2
5
13
37
62
34
4
2
8
33
42
19
6
2
1
1
1
1
0
0
0
0
0
0
0
0
0
0
0
0
1
4
10
40
83
62
11
4
11
20
18
6
3
1
1
1
1
1
0
0
0
0
0
0
0
0
0
0
0
0
1
2
6
35
73
62
10
4
8
12
7
3
1
1
1
1
1
0
0
0
0
0
0
0
0
0
0
0
0
0
0
1
2
22
47
43
6
3
5
6
2
1
1
0
0
1
1
0
0
0
0
0
1
0
0
0
0
0
0
0
0
0
0
6
15
16
2
1
2
2
1
1
1
0
0
1
1
0
0
0
0
0
1
0
0
0
0
0
0
0
0
0
0
2
4
5
1
0
1
1
0
0
0
0
0
0
0
0
0
0
0
0
2
0
0
0
0
0
0
0
0
0
0
0
1
1
0
0
0
0
0
0
0
0
0
0
0
0
0
0
0
1
3
0
0
0
0
0
0
0
0
0
0
0
0
1
0
0
0
0
0
0
0
0
0
0
0
0
0
0
0
0
5
0
0
0
0
0
0
0
0
0
0
0
0
0
0
0
0
0
0
0
0
0
0
0
0
0
0
0
0
0
5
0
0
0
0
0
0
0
0
0
0
0
0
0
0
0
0
0
0
0
0
0
0
0
0
0
0
0
0
0
4
0
0
0
0
0
0
0
0
0
0
0
0
0
0
0
0
0
0
0
0
0
0
0
0
0
0
0
0
0
4
0
0
0
0
0
0
0
0
0
0
0
0
0
0
0
0
0
0
0
0
0
0
0
0
0
0
0
0
0
5
0
0
0
0
0
0
0
0
0
0
0
0
0
0
0
0
0
0
0
0
0
0
0
0
0
0
0
0
0
2
0
0
0
0
0
0
0
0
0
0
0
0
0
0
0
0
0
0
0
0
0
0
0
0
0
0
0
0
0
1
0
0
0
0
0
0
0
0
0
0
0
0
0
0
0
0
0
0
0
0
0
0
0
0
0
0
0
0
0
0
0
0
0
0
0
0
0
0
0
0
0
0
0
0
0
0
0
0
0
0
0
0
0
0
0
0
0
0
0
0
0
0
0
0
0
0
0
0
0
0
0
0
0
0
0
0
0
0
0
0
0
0
0
0
0
0
0
0
0
0
0
0
0
0
0
0
0
0
0
0
0
0
0
0
0
0
0
0
0
0
0
0
0
0
0
0
0
0
0
0
0
0
0
0
0
0
0
0
0
0
0
1
2
1
1
1
0
0
0
0
0
0
0
0
0
1
37
174
230
210
0
0
0
0
0
0
0
0
0
0
0
0
0
0
0
0
0
0
0
0
0
0
0
0
0
2
57
198
231
197
0
0
0
0
0
0
0
0
0
0
0
0
0
0
0
0
0
0
0
0
0
0
0
0
0
1
40
189
223
179
0
0
0
0
0
0
0
0
0
0
0
0
0
0
0
0
0
0
0
0
0
0
0
0
0
1
32
174
207
147
0
0
0
0
0
0
0
0
0
0
0
0
0
0
0
0
0
0
0
0
0
0
0
0
0
1
24
145
185
114
0
0
0
0
0
0
0
0
0
0
0
0
0
0
0
0
0
0
0
0
0
0
0
0
0
2
20
103
156
89
0
0
0
0
0
0
0
0
0
0
0
0
0
0
0
0
0
0
0
0
0
0
0
0
1
2
28
79
135
75
0
0
0
1
0
0
0
0
0
0
0
0
0
0
0
0
0
0
0
0
0
0
0
0
1
5
32
54
111
68
0
0
0
0
0
0
0
0
0
0
0
0
0
0
0
0
0
0
0
0
0
0
0
1
2
8
28
46
94
57
0
0
0
0
0
0
0
0
0
0
0
0
0
0
0
0
0
0
0
0
0
0
1
2
4
11
32
53
79
48
0
0
0
0
0
0
0
0
0
0
0
0
0
0
0
0
0
0
0
0
0
2
4
6
7
17
40
63
76
49
0
0
0
0
0
0
0
0
0
0
0
0
0
0
0
0
0
0
0
1
1
3
6
9
11
18
51
78
82
53
0
0
0
0
0
0
0
0
0
0
0
0
0
0
0
0
0
0
0
1
1
2
3
4
7
23
64
115
121
92
0
0
0
0
0
0
0
0
0
0
0
0
0
0
0
0
0
0
0
0
1
1
2
2
4
14
50
96
134
133
0
0
0
0
0
0
0
0
0
0
0
0
0
0
0
0
0
0
0
0
1
1
1
2
2
8
36
68
95
102
0
0
0
0
0
0
0
0
0
0
0
0
0
0
0
0
0
0
0
0
1
1
1
1
2
7
28
46
46
43
0
0
0
0
0
0
0
0
0
0
0
0
0
0
0
0
0
0
0
0
1
1
1
1
2
9
24
21
15
13
0
0
0
0
0
0
0
0
0
0
0
0
0
0
0
0
0
0
0
0
0
0
1
1
3
8
13
9
5
4
0
0
0
0
0
0
0
0
0
0
0
0
0
0
0
0
0
0
0
0
0
0
0
1
3
5
7
3
3
2
0
0
0
0
0
0
0
0
0
0
0
0
0
0
0
0
0
0
0
0
0
0
0
0
1
2
2
2
2
1
0
0
0
0
0
0
0
0
0
0
0
0
0
0
0
0
0
0
0
0
0
0
0
0
0
0
0
1
1
1
0
0
0
0
0
0
0
0
0
0
0
0
0
0
0
0
0
0
0
0
0
0
0
0
0
0
0
0
1
1
0
0
0
0
0
0
0
0
0
0
0
0
0
0
0
0
0
0
0
0
0
0
0
0
0
0
0
0
0
0
0
0
0
0
0
0
0
0
0
0
0
0
0
0
0
0
0
0
0
0
0
0
0
0
0
0
0
0
0
0
0
0
0
0
0
0
0
0
0
0
0
0
0
0
0
0
0
0
0
0
0
0
0
0
0
0
0
0
0
0
0
0
0
0
0
0
0
0
0
0
0
0
0
0
0
0
0
0
0
0
0
0
0
0
0
0
0
0
0
0
1
0
1
2
3
5
13
31
24
9
16
28
28
18
7
10
19
41
43
34
19
34
62
50
24
39
152
104
21
1
1
0
1
1
3
4
5
15
18
10
14
18
19
13
7
13
27
62
63
50
18
29
64
64
28
35
144
102
19
1
1
0
0
1
3
3
3
8
11
7
9
10
14
15
15
22
25
52
51
46
19
40
114
124
54
52
164
121
18
0
1
1
1
1
2
2
2
6
9
5
5
4
8
11
19
27
27
46
47
47
30
75
176
181
105
91
194
177
39
1
1
1
1
1
3
2
2
5
9
5
3
3
5
10
26
36
39
63
63
63
46
89
187
190
122
110
213
212
85
2
2
2
1
1
3
2
2
6
12
5
2
2
3
10
28
44
63
77
66
56
44
80
178
188
122
110
208
225
147
7
3
4
1
2
4
3
2
7
15
8
3
1
3
10
36
62
84
76
62
54
40
67
158
175
125
128
207
234
205
34
5
6
2
2
6
3
2
8
18
12
3
2
4
13
42
81
91
77
69
59
44
65
153
181
149
149
202
233
225
86
7
9
3
3
5
2
2
7
22
17
5
3
5
18
56
103
87
76
68
65
54
97
185
210
189
170
198
231
235
158
7
9
4
4
4
1
1
5
19
16
6
3
5
14
48
84
68
61
69
78
84
134
210
223
204
187
201
234
243
207
5
6
3
3
5
1
1
5
17
12
4
2
3
9
36
62
56
66
94
121
146
195
231
233
217
203
205
235
247
228
3
4
2
2
4
2
2
5
19
13
4
2
3
7
28
41
46
79
139
170
185
219
239
237
219
211
217
240
245
233
3
3
2
2
4
2
3
9
20
15
5
2
3
6
18
30
42
108
179
194
203
219
238
237
226
217
218
240
248
238
2
3
1
2
4
3
4
13
22
16
6
3
3
5
16
28
59
161
215
211
204
215
233
228
217
212
220
240
247
237
2
3
1
2
3
3
6
20
28
18
7
4
4
7
21
47
109
204
226
209
206
219
231
225
209
209
213
229
238
221
2
2
2
2
3
4
9
31
41
25
10
5
6
9
32
76
153
213
222
202
204
222
232
224
216
214
211
213
214
179
1
1
2
2
2
4
11
44
64
39
16
7
9
14
44
94
179
220
216
191
188
219
237
232
229
223
206
193
174
115
1
1
1
2
2
5
12
57
98
61
25
11
15
19
53
109
191
218
193
145
142
202
239
240
239
225
198
177
129
70
1
0
1
1
1
4
10
57
86
60
32
15
21
24
52
104
176
185
146
93
89
166
230
239
238
225
183
162
108
51
1
0
0
0
1
2
6
49
74
56
32
16
21
19
34
81
140
136
92
49
47
109
207
235
232
205
159
144
80
30
0
0
0
0
0
1
3
37
68
58
30
16
20
15
24
50
99
93
45
21
16
44
158
227
220
171
96
100
59
24
0
0
1
1
1
1
2
25
54
60
35
22
21
11
13
24
51
45
20
8
7
16
82
203
210
138
48
46
38
19
0
0
0
1
1
1
2
16
40
56
35
18
13
5
5
8
19
24
14
5
3
7
32
147
176
98
26
25
23
13
0
0
0
0
1
1
2
10
23
39
23
9
7
3
3
3
6
11
8
3
2
3
14
77
120
74
17
13
14
8
0
0
0
0
1
1
2
6
11
15
11
5
3
1
1
1
2
6
5
2
1
2
7
31
69
52
15
9
12
8
0
0
0
0
0
0
1
3
5
6
5
3
2
1
0
0
1
4
3
1
1
1
4
11
24
24
9
6
10
9
35
30
42
33
22
28
46
42
29
9
5
6
7
8
9
5
1
0
0
0
0
0
0
0
0
0
0
0
0
0
43
51
49
47
29
29
37
33
19
6
3
4
5
5
3
2
0
0
0
0
0
0
0
0
0
0
0
0
0
0
57
68
72
53
42
39
37
28
13
4
2
2
3
3
1
0
0
0
0
0
0
0
1
1
1
0
1
0
0
0
64
85
96
81
59
53
47
27
10
3
1
1
2
2
1
0
0
0
0
0
1
2
3
5
2
2
4
1
0
0
64
96
111
96
90
75
62
32
10
3
1
1
2
1
0
0
0
0
0
1
3
5
7
9
5
5
21
9
2
0
54
105
125
104
107
114
88
48
12
3
1
1
2
1
0
0
0
0
1
3
7
9
12
11
6
8
44
28
8
1
47
113
149
115
120
138
107
62
21
5
2
2
2
1
1
1
1
1
2
6
8
9
12
11
6
7
43
55
30
6
41
116
167
127
127
149
135
85
33
11
5
5
4
2
1
1
2
2
3
6
8
10
13
9
5
6
33
67
56
13
42
119
153
126
120
133
134
110
41
14
7
7
6
3
2
3
4
3
4
7
9
11
11
7
3
4
25
66
79
29
38
133
156
104
101
127
115
94
43
16
9
9
8
4
4
4
4
3
4
7
7
9
9
5
2
2
15
48
93
46
33
134
158
94
97
126
110
77
40
16
8
8
9
5
5
4
4
3
3
3
4
6
5
2
1
2
8
27
79
70
20
108
138
86
79
114
116
58
27
15
7
6
7
4
4
4
3
2
2
2
2
3
3
1
1
1
3
19
87
114
14
70
106
72
68
99
107
54
21
11
4
3
4
4
4
3
2
2
2
2
2
2
2
1
0
0
2
18
131
188
10
47
72
63
54
87
106
55
18
9
3
3
3
3
4
3
2
2
2
1
1
2
2
1
1
1
2
20
156
218
7
30
57
48
43
72
106
74
24
11
4
2
3
3
5
5
3
2
2
1
1
2
3
2
1
1
3
23
171
230
9
29
51
44
35
59
102
79
29
13
5
3
3
5
8
6
3
2
1
1
1
1
3
2
1
1
4
29
175
222
8
30
54
50
34
49
106
102
37
10
3
2
3
5
9
4
2
1
0
0
0
1
2
2
1
1
5
42
168
197
7
26
58
51
24
39
97
108
41
11
2
1
2
5
9
3
1
0
0
0
0
1
1
1
1
1
6
75
163
134
12
28
80
61
28
43
80
94
38
9
2
1
2
6
5
1
0
0
0
0
0
0
1
1
0
0
7
114
167
92
12
26
66
82
63
93
124
117
50
14
2
1
3
6
4
1
0
0
0
0
0
0
0
1
0
1
11
164
182
74
19
30
64
81
106
179
196
166
70
19
3
2
3
4
2
0
0
0
0
0
0
0
0
1
1
1
21
200
208
72
26
61
105
107
139
208
233
224
106
27
4
3
3
3
1
0
0
0
0
0
0
0
1
2
2
3
65
230
232
87
18
90
162
168
171
224
243
242
145
36
6
4
4
2
0
0
0
0
0
0
0
0
1
5
7
11
132
243
241
105
4
64
165
204
209
231
245
243
147
38
7
4
3
1
0
0
0
0
0
0
0
0
2
12
27
51
194
247
244
144
0
18
150
217
226
220
237
235
135
28
4
2
2
1
0
0
0
0
0
0
0
0
2
25
91
154
230
249
248
210
0
1
40
197
222
199
204
195
84
23
3
1
1
0
0
0
0
0
0
0
0
0
1
60
187
222
242
251
252
243
0
0
0
0
0
0
0
0
0
0
0
0
0
0
0
0
1
4
3
1
0
1
12
27
10
3
1
1
1
9
0
0
0
0
0
0
0
0
0
0
0
0
0
0
0
0
1
4
3
1
0
1
13
29
8
2
0
0
1
9
0
0
0
0
0
0
0
0
0
0
0
0
0
0
0
0
3
5
4
1
0
1
13
26
5
1
0
0
1
10
0
0
0
0
0
0
0
0
0
0
0
0
0
0
0
1
5
7
4
2
1
2
15
20
3
0
0
0
1
15
0
0
0
0
0
0
0
0
0
0
0
0
0
0
0
1
6
6
5
3
1
2
19
17
2
0
0
0
2
23
0
0
0
0
0
0
0
0
0
0
0
0
0
0
0
2
5
6
5
4
1
3
22
16
2
0
0
1
4
44
0
0
0
0
0
0
0
0
0
0
0
0
0
0
1
3
5
6
5
3
1
3
12
13
2
0
0
1
6
71
0
0
0
0
0
0
0
0
1
0
0
0
0
1
1
5
5
4
3
2
1
2
8
8
2
0
0
1
6
84
0
0
0
0
0
0
0
0
1
1
1
0
0
1
2
5
3
3
2
2
1
2
4
5
2
0
0
1
6
73
0
0
0
0
0
0
0
0
0
0
0
0
0
0
1
3
2
2
1
1
1
1
2
2
2
1
0
1
4
48
0
0
0
0
0
0
0
0
0
0
0
0
0
0
1
2
1
2
2
1
1
1
2
2
2
1
0
1
2
20
0
0
0
0
0
0
0
0
0
0
0
0
0
0
0
1
1
2
2
1
1
1
3
4
3
1
0
0
1
8
0
0
0
0
0
0
0
0
0
0
0
0
0
0
0
1
1
1
1
1
1
1
4
9
6
1
0
0
1
4
0
0
0
0
0
0
0
0
0
0
0
0
0
0
0
0
1
1
1
1
1
2
5
8
5
1
0
0
1
3
0
0
0
0
0
0
0
0
0
0
0
0
0
0
0
0
1
1
2
1
1
2
4
6
4
1
0
0
0
1
1
0
0
0
0
0
0
0
0
0
0
0
0
0
0
0
0
1
2
1
1
2
3
5
3
0
0
0
0
1
1
1
0
0
0
0
0
0
0
0
0
0
0
0
0
0
0
1
1
1
2
2
2
2
2
0
0
0
0
0
0
0
0
0
0
0
0
0
0
0
0
0
0
0
0
0
0
0
0
1
1
1
1
1
1
0
0
0
0
0
0
0
0
0
0
0
0
0
0
0
0
0
0
0
0
0
0
0
0
0
0
0
0
0
0
0
0
0
0
0
0
0
0
0
0
0
0
0
0
0
0
0
0
0
0
0
0
0
0
0
0
0
0
0
0
0
0
0
0
0
0
0
0
0
0
0
0
0
0
0
0
0
1
0
0
0
0
0
0
0
0
0
0
0
0
0
0
0
0
0
0
0
0
0
0
0
0
0
0
1
1
1
1
1
0
0
0
0
0
0
0
0
0
0
0
0
0
0
0
0
0
0
0
0
0
0
0
0
0
1
1
1
2
1
0
0
0
0
0
0
0
0
0
0
0
0
0
0
0
0
0
0
0
0
0
0
0
0
0
1
1
1
2
1
0
0
0
0
0
0
0
0
0
0
0
0
0
0
0
0
0
0
0
0
0
0
0
0
0
0
1
0
1
1
0
0
0
0
0
0
0
0
0
0
0
0
0
0
0
0
0
0
0
0
0
0
0
0
0
0
0
0
0
0
0
0
0
0
0
0
0
0
0
0
0
0
0
0
0
0
21
5
3
1
0
0
1
1
3
4
2
4
16
61
84
94
116
109
52
8
2
0
0
0
0
0
0
0
0
0
25
8
8
1
0
0
1
2
3
4
2
4
17
46
56
69
81
54
20
4
1
0
0
0
0
0
0
0
0
0
28
11
12
1
0
0
1
3
3
3
2
3
11
24
34
55
62
37
20
6
2
1
0
0
0
0
0
0
0
0
24
13
16
1
0
0
1
3
3
3
1
3
9
19
28
41
53
49
41
12
4
1
1
1
0
0
0
0
0
0
19
12
20
2
0
0
1
3
3
2
1
3
9
21
29
55
98
102
76
22
7
2
1
1
1
0
0
0
0
0
13
10
19
3
0
0
2
3
3
2
2
5
11
27
41
99
144
140
93
28
9
4
2
2
1
0
0
0
0
0
8
9
17
3
0
1
6
6
4
3
3
9
20
40
55
129
165
143
85
31
13
7
4
2
0
0
0
0
0
0
5
6
14
3
0
2
12
10
6
3
5
14
32
58
86
154
161
121
75
29
19
12
7
2
0
0
0
0
0
0
4
6
13
4
1
5
21
14
7
4
8
18
38
67
101
162
159
114
67
30
17
12
5
1
0
0
0
0
0
0
4
6
12
5
2
17
40
22
9
3
5
13
43
92
135
168
138
83
49
25
14
8
4
1
0
0
0
0
0
0
4
5
11
6
3
20
59
37
13
4
6
10
30
85
138
164
112
66
41
21
11
5
3
1
0
0
0
0
0
0
4
5
9
5
2
16
44
38
14
6
6
7
17
79
153
178
113
61
24
14
7
4
2
1
0
0
0
0
0
0
4
5
8
3
1
12
32
32
13
6
5
5
11
80
166
195
114
37
15
7
4
3
2
1
0
0
0
0
0
0
4
3
6
2
1
7
26
23
13
7
6
4
8
87
190
203
75
20
8
5
3
3
2
1
0
0
0
0
0
0
3
2
4
2
1
6
24
17
11
8
5
4
8
110
204
171
32
9
5
3
2
2
2
1
1
0
0
0
0
0
2
1
2
1
1
4
17
10
8
7
4
3
9
131
190
120
16
5
2
2
1
2
2
2
1
0
0
0
0
0
1
1
1
1
1
2
6
3
4
5
3
2
7
120
147
84
8
2
1
1
1
1
2
1
0
0
0
0
0
0
1
1
1
1
1
1
2
1
1
3
2
1
4
94
116
55
4
1
1
1
1
1
1
1
0
0
0
0
0
1
1
1
1
0
1
0
1
0
0
1
1
1
2
55
68
41
2
0
0
0
1
0
0
0
0
0
0
0
0
1
1
1
1
1
1
0
0
0
0
0
0
0
2
29
47
33
1
0
0
0
0
0
0
0
0
0
0
0
1
2
1
1
1
1
1
0
0
0
0
0
0
1
2
17
32
20
1
0
0
0
0
0
0
0
0
0
0
0
1
4
0
1
1
1
2
1
0
0
0
0
0
1
3
20
27
14
1
0
0
0
0
0
0
0
0
0
0
0
2
7
0
0
1
1
2
2
1
0
0
0
0
2
6
27
22
10
1
0
0
0
1
0
0
0
0
0
0
0
3
11
0
0
1
0
1
3
2
0
0
0
0
5
12
26
18
6
0
0
0
1
1
1
0
0
0
0
0
1
6
16
0
0
0
0
1
3
3
0
0
0
1
13
22
21
9
2
0
0
1
1
2
0
0
0
0
0
0
3
12
21
0
0
0
0
0
3
3
0
0
0
2
17
20
15
5
1
0
1
3
2
1
0
0
0
0
0
1
9
29
35
8
9
5
6
17
17
12
8
5
10
10
13
17
19
39
32
10
2
0
0
0
0
0
0
0
0
0
0
0
0
8
7
4
5
12
14
10
6
4
7
7
10
12
13
19
11
3
1
0
0
0
0
0
0
0
0
0
0
0
0
9
8
5
4
7
10
8
5
3
5
6
8
11
11
10
5
1
0
0
0
0
0
0
0
0
0
0
0
0
0
8
8
6
4
5
7
7
5
3
3
4
5
7
9
7
3
1
0
0
0
0
0
0
0
1
1
1
0
0
0
8
7
8
6
5
5
6
4
2
2
3
4
6
8
8
4
2
1
0
0
0
0
1
1
3
4
2
1
1
0
7
6
9
8
6
5
5
3
2
3
4
4
5
8
11
7
3
1
0
0
1
1
2
3
5
6
3
2
1
0
5
6
9
7
6
5
6
3
2
3
5
5
5
10
14
10
4
2
1
1
1
2
3
4
5
7
5
2
1
0
5
6
9
6
5
5
6
3
2
4
6
5
6
15
17
12
4
2
1
1
2
3
3
2
4
7
7
3
1
1
4
5
8
6
4
5
6
3
3
5
7
5
9
20
18
11
4
2
2
2
2
3
3
3
5
5
6
4
1
1
3
3
6
4
3
4
4
3
3
5
7
6
11
22
15
8
3
3
2
3
2
3
4
5
6
5
7
5
2
2
2
3
6
4
2
3
3
2
3
4
5
5
12
22
13
5
3
3
2
3
3
3
6
9
8
6
7
7
5
5
2
3
6
4
3
3
3
3
3
4
3
3
9
19
13
5
3
3
2
3
3
4
8
16
16
9
10
9
11
13
2
3
6
5
4
4
3
3
4
3
2
3
10
21
15
6
4
3
3
4
5
5
8
13
11
10
14
16
29
41
2
4
8
6
5
7
3
3
3
3
2
3
12
24
21
8
6
4
4
6
6
5
7
11
7
5
9
24
45
67
3
7
11
9
8
10
3
2
2
2
2
3
13
32
25
7
6
4
5
6
5
5
7
9
5
3
6
17
29
56
3
10
13
11
10
10
4
2
2
2
1
2
13
38
28
8
7
6
6
6
4
4
8
9
5
4
6
13
21
46
2
8
12
11
12
10
6
3
2
2
1
2
12
42
41
11
10
7
7
8
5
4
8
11
6
5
8
12
19
46
1
5
7
10
12
10
6
3
2
2
2
2
12
50
67
20
15
11
10
11
6
5
11
17
10
7
12
15
22
61
1
3
4
7
10
9
5
3
3
3
2
2
12
69
93
33
19
14
15
18
11
8
16
33
22
13
19
21
34
84
2
2
4
7
9
9
5
3
3
4
3
3
13
90
137
60
28
19
22
27
18
14
25
57
41
27
29
31
48
107
1
2
2
7
13
10
4
3
4
6
5
5
21
125
169
102
45
24
27
29
18
15
27
57
55
41
49
53
65
97
1
2
2
6
16
17
7
3
4
7
8
7
32
157
203
129
54
27
23
25
19
15
25
48
54
51
63
73
80
99
1
1
2
4
15
19
8
3
5
11
15
16
55
178
206
138
63
27
15
22
22
15
15
37
49
56
78
97
92
91
1
1
2
4
13
21
10
4
6
12
20
35
103
205
204
135
58
21
14
22
22
15
14
32
47
63
100
126
111
84
1
2
3
4
14
29
17
6
7
16
29
60
137
198
193
134
49
16
16
27
22
13
10
26
39
75
143
175
147
89
2
2
3
4
13
38
25
9
13
26
39
93
177
210
196
144
38
12
16
33
24
12
9
21
33
97
187
209
171
78
128
28
4
2
2
2
3
6
3
0
0
0
0
0
0
0
2
3
1
0
0
1
3
5
8
12
10
7
4
3
170
56
10
6
5
4
5
9
2
0
0
0
0
0
0
1
3
3
1
1
1
1
4
11
24
45
34
16
6
3
178
83
19
14
18
11
14
13
3
0
0
0
0
1
0
1
3
2
1
1
1
2
7
16
43
80
55
19
7
2
149
99
39
35
42
28
26
15
3
0
0
0
0
1
1
1
2
1
1
1
1
2
9
24
54
72
51
18
7
2
127
95
56
70
86
54
40
16
3
1
0
0
1
1
1
1
1
1
1
1
2
4
15
38
78
59
28
9
4
1
115
105
72
93
105
69
60
21
4
1
1
1
1
1
1
1
1
1
1
2
5
10
27
49
73
41
17
4
2
1
109
118
90
104
91
73
73
30
7
3
2
2
3
1
1
1
1
2
3
4
9
16
38
54
53
20
9
3
1
1
105
133
122
122
85
70
84
33
11
5
5
5
4
2
1
2
2
3
6
8
15
26
52
48
39
14
6
2
1
1
88
146
168
156
90
74
77
39
18
12
12
11
7
2
2
3
4
7
12
16
25
39
51
50
34
13
7
3
1
1
43
133
187
176
93
60
51
32
23
21
20
21
11
2
2
3
5
12
26
35
38
42
56
51
32
14
9
4
1
1
14
56
121
127
74
47
29
23
24
24
28
29
11
2
2
3
7
22
48
56
46
46
57
56
34
17
14
5
2
1
5
15
32
44
25
24
16
18
23
24
26
24
7
1
1
3
11
31
64
65
43
38
47
54
34
16
14
6
2
1
2
5
8
8
6
7
7
15
24
24
27
22
5
1
1
5
16
41
58
46
30
27
39
42
21
13
12
7
5
3
1
2
3
2
1
2
4
19
35
32
35
30
7
1
2
7
24
43
44
30
17
15
21
19
8
6
9
9
9
7
0
1
1
1
1
1
2
20
52
45
51
47
15
3
5
13
31
37
25
17
10
10
12
9
4
5
9
12
13
10
0
0
1
1
1
0
1
9
41
55
77
79
36
11
11
19
31
20
12
10
6
6
6
5
3
3
8
12
15
15
0
0
0
1
0
0
0
2
15
37
75
90
54
21
13
11
15
9
7
6
4
3
4
5
3
3
4
7
14
21
0
0
0
0
0
0
0
0
3
11
33
48
35
16
7
6
7
4
4
4
2
2
3
5
2
2
2
3
9
18
0
0
0
0
0
0
0
0
1
3
7
12
12
7
3
2
2
2
3
2
2
1
2
4
2
1
1
1
4
12
0
0
0
0
0
0
0
0
0
1
2
3
3
3
1
1
1
1
2
2
2
1
1
2
1
1
0
0
2
8
0
0
0
0
0
0
0
0
0
1
2
2
2
2
1
0
0
1
2
2
1
1
1
1
0
0
0
0
1
6
0
0
0
0
0
0
0
0
0
1
2
2
2
2
0
0
0
1
1
0
0
0
0
0
0
0
0
0
1
6
0
0
0
0
0
0
0
0
0
1
3
3
3
2
0
0
0
0
0
0
0
0
0
0
0
0
0
0
0
6
0
0
0
0
0
0
0
0
0
1
2
2
2
2
0
0
0
0
0
0
0
0
0
0
0
0
0
0
0
3
0
0
0
0
0
0
0
0
0
0
1
1
1
0
0
0
0
0
0
0
0
0
0
0
0
0
0
0
0
1
0
0
0
0
0
0
0
0
0
0
0
0
0
0
0
0
0
0
0
0
0
0
0
0
0
0
0
0
0
1
